0
62133
125096
155772
187478
311380
279296
373180
433835
433838
524078
492702
614871
706115
673770
733678
733035
883397
912149
911853
939349
1088173
1026928
1055797
1145553
1263089
1320440
1229441
1257219
1433461
1401563
1546333
1488361
1542267
1687105
1537020
1710322
1676922
1882349
1820574
1727194
1987640
1926353
2099577
2008382
1976378
2148053
2113591
2254988
2193838
2416459
2327689
2238849
2462538
2317939
2680870
2450397
2558906
2583907
2605647
2770470
2739272
2762077
2813346
2723744
3026155
2796371
2958785
3149123
2893127
3108190
2965582
3319764
3200639
3196917
3273441
3293838
3396025
3255391
3385176
3544329
3402551
3638015
3415383
3622165
3696706
3665217
3711015
3519432
4014176
3688499
3842937
3859338
3881635
4031378
3842580
3966079
4167001
4003174
4229615
3990713
4344018
4209362
4073427
4371982
4185029
4512329
4351902
4290171
4408288
4427887
4624025
4486650
4555655
4749352
4587034
4554437
4673056
4759753
4779536
4743970
4642240
4855066
5162392
4708016
5042565
4716524
5078612
5118729
4886703
5196493
4992399
5321758
5193482
4913174
5388055
5213991
5321637
5261530
5178004
5524818
5280566
5411331
5427334
5487133
5619215
5444550
5450495
5681796
5623667
5634895
5463387
5772561
5598777
5894272
5647635
5733097
5975272
5613662
5833779
5847677
6129961
5943822
5767134
6002121
5947966
6207533
5897775
5868646
6256026
6139326
6144543
6050363
6296976
6262274
6101358
6258018
6093909
6456024
6357142
6194478
6374620
6497302
6524264
6185372
6454837
6614096
6454285
6496072
6402604
6515172
6691743
6407306
6770235
6486291
6746037
6734152
6602214
6766430
6613030
6930288
6598769
6609483
7057027
6733598
6982656
6674362
6872021
6959732
6843961
6867164
7046864
6962973
6991458
6978017
6861355
7150841
7097504
6978692
7103069
7090015
7141491
7258127
7006210
7266224
7074449
7199413
7139954
7306121
7502792
7015185
7192160
7241496
7321757
7495528
7151946
7311113
7490143
7145871
7524863
7170737
7650995
7544083
7352470
7520540
7224338
7790142
7438891
7336285
7491622
7421806
7622295
7527055
7556662
7652562
7672894
7516937
7491149
7764141
7583235
7657399
7645748
7639420
7672880
7590878
7861971
7679068
7640591
7842704
7658575
7690900
7861322
7837283
7731452
7623121
7950260
7747244
7882717
7767643
7797503
7925406
7744782
7854948
7829497
7999883
7899793
7737040
7927340
7887555
7965123
8068108
7590370
8206959
7906335
7936552
7883084
8070786
8057206
7793782
7933338
7964170
7967281
8208342
7850453
7934196
8179432
7896955
8053864
7863825
8356223
7932515
8055392
7937737
8055213
8272797
8031704
7985799
8078454
8136188
8016941
7983613
8070034
8206756
8118463
7937493
8179866
8150192
8212473
8167503
7970646
8156753
8000057
8025501
8376486
8034055
8170716
8035353
7957056
8424219
8094693
8275474
8056861
7995219
8382813
7935822
8306102
8062510
8179867
8108991
7994027
8222414
8222242
8177154
8195271
8000945
8296316
8007244
8322509
8062881
8033027
8315410
7996509
8237016
7999820
8307449
8190180
8160280
8067565
8143599
8244944
8114042
8063329
8105342
8129836
8291379
8035895
8052462
8221806
8052989
8167047
7937044
8255808
8168577
8079209
8108510
8071203
8210404
7983547
8120909
8125357
8022545
8165435
7933182
8120558
8236007
7926282
8115280
7881502
8275160
8022743
7986760
8159565
7923702
8127396
7940685
7960111
8166862
7896924
8101239
7852394
8007688
8079257
7956940
7945049
7909897
8170781
7869776
7879503
7834861
8052655
7970380
7924286
7968572
7861167
7912153
7944160
7815840
7954988
7890227
7809139
7735257
7770365
8071340
7773552
7910705
7710466
7792913
7890796
7775287
7892953
7745552
7757188
7728425
7586765
7931383
7695744
7775641
7696684
7469623
7904291
7752200
7703854
7621769
7614436
7700535
7521156
7738302
7664752
7583285
7601670
7440934
7661437
7502697
7632231
7540456
7522439
7607777
7378707
7517577
7494630
7545112
7491133
7356372
7404762
7521002
7488896
7304331
7270958
7513743
7323568
7406036
7312667
7389735
7359281
7155769
7400031
7116312
7510669
7303804
7082615
7202024
7170913
7238456
7231043
7079630
7329951
7002376
7228868
7084663
7086651
7176721
6949926
7067442
6972918
7115698
7075921
6959100
7086035
6926176
6937838
6897421
6970163
6995999
6863443
6902045
6802983
6896008
6848733
6777463
6840136
6748471
6880827
6683503
6774299
6702381
6777358
6658494
6631772
6699063
6643834
6654931
6684389
6468166
6689678
6509015
6529509
6639825
6360051
6681655
6375494
6470052
6351602
6467526
6488973
6310991
6447782
6418541
6237966
6412255
6219807
6367433
6265257
6167529
6318849
6083630
6358556
6134782
6163053
6095706
6073197
6241916
6004599
6076561
6129414
5969428
6035274
5944955
5964766
6014706
5970785
5860211
5902524
5858438
5862514
5798965
5783084
5850525
5808517
5757840
5778358
5766561
5715377
5651779
5576836
5702400
5597223
5660543
5505715
5552273
5600994
5406129
5529382
5460028
5544265
5418933
5322469
5410297
5461363
5326580
5294045
5185610
5468271
5199872
5210835
5245791
5132583
5295732
5124196
5076836
5026703
5238989
5056935
4989543
4991898
5007642
4994895
4941337
4938880
4973207
4841744
4882685
4776103
4856126
4805860
4712106
4805617
4733953
4706674
4657032
4656740
4655306
4585345
4612366
4515269
4516214
4594707
4478061
4464220
4389668
4455064
4403803
4298981
4412226
4287679
4341686
4254333
4150669
4298969
4204730
4195804
4169281
4080655
4186603
3991894
4138315
3966920
3993409
4021626
3878289
3975263
3926788
3892775
3833334
3787727
3801846
3808502
3770305
3752760
3658308
3696643
3619975
3618149
3591347
3588130
3566819
3493211
3500428
3507809
3451631
3404229
3390036
3286985
3397608
3322213
3263215
3275630
3230275
3175598
3198648
3116175
3184049
3083047
3067249
3075234
2952587
3014512
2935756
2950023
2929092
2843800
2876016
2799521
2797890
2809251
2706255
2732497
2648307
2729085
2638207
2576057
2578483
2544236
2553741
2471672
2459116
2470648
2376998
2426956
2322404
2335264
2318465
2272616
2242246
2194098
2245355
2147398
2139888
2091725
2081120
2091822
1998249
1986325
1957647
1956994
1927227
1849857
1854719
1835088
1801189
1769084
1698763
1759992
1652479
1664603
1609491
1576213
1611531
1527028
1541707
1517265
1479403
1470689
1407054
1434551
1422671
1379758
1361331
1306152
1381326
1291172
1301898
1268460
1251049
1247254
1208073
1217952
1197178
1174788
1146027
1127468
1135808
1136145
1103850
1069428
1052373
1070495
1045013
1032162
988934
1019287
975737
968305
969155
942663
943494
911471
892716
919146
880030
889311
836694
855909
856275
804790
837573
782328
817332
779151
747949
787240
738787
756646
727336
708304
726178
683778
708633
672937
668768
677863
628177
666878
622189
638778
618206
584900
618577
581056
601541
567790
567046
559785
544507
553273
530253
536092
516854
489838
518838
494558
500523
477104
467803
475979
450407
469732
438156
441769
438222
414295
434471
406633
419199
397530
384257
401507
370299
390279
368584
359184
363437
341437
363313
337632
337032
331342
310868
337548
307002
312939
304704
298929
295775
281442
290856
278182
279983
265926
258621
266725
253566
259947
241088
239926
242500
227985
239464
220445
225117
215835
206633
218377
199753
208352
196616
184780
202642
179235
194385
176665
177214
175909
162683
178535
155389
163786
157496
146646
161902
143401
148962
140238
135045
140588
126887
136035
125946
126585
122912
112412
123464
111205
116199
108463
101847
111442
97001
105584
96997
94402
95347
84564
95515
84160
86028
82888
76424
83496
73855
78499
72229
69712
71068
64545
69470
62780
63917
60319
55004
62913
52741
58007
51814
49924
53000
46510
50230
44361
44710
44096
39612
44118
37772
39903
37398
32716
38335
32258
35017
30641
30118
31424
26465
30109
25850
26918
24599
21902
26222
20542
23293
20301
19502
20266
17140
19433
16376
16796
15812
13444
16499
12844
14285
12629
10655
13676
10132
11900
9634
9937
9469
7721
9590
7550
8071
6985
5786
7638
5536
6632
5099
4951
5300
3904
5049
3638
3947
3545
2719
3813
2493
3115
2347
2049
2541
1600
2249
1482
1636
1417
901
1506
807
1136
743
524
952
402
704
327
452
316
208
349
151
228
100
85
134
54
74
32
40
18
8
10
4
2
1
1
