0
346060
646024
759799
861256
1344203
1137682
1429662
1570181
1486839
1717130
1546953
1857231
2057709
1907183
2026603
1980405
2339723
2371065
2325807
2362551
2693628
2502523
2536083
2706423
2944661
3029816
2781420
2807738
3153065
3043313
3311294
3142543
3215990
3473475
3130457
3437308
3340150
3691067
3535050
3327816
3782587
3631004
3909360
3708432
3616203
3889093
3796268
4008660
3862387
4217720
4017300
3826533
4166166
3877371
4431028
4006521
4137279
4128228
4113733
4318477
4222492
4202877
4229009
4053875
4452427
4077549
4267198
4489941
4094318
4362583
4125086
4572002
4377794
4336364
4408856
4396043
4506218
4289230
4431224
4600470
4392384
4672107
4359991
4589201
4655580
4587020
4608448
4354946
4924441
4506201
4659954
4650851
4653658
4784597
4539334
4650807
4858242
4645490
4862584
4567725
4932749
4748670
4567281
4871063
4646409
4959330
4761816
4663366
4763531
4756932
4935298
4759605
4802741
4980362
4778525
4716793
4814542
4878408
4866819
4805046
4673776
4873039
5148603
4682238
4989080
4648934
4972450
4987931
4760372
5028222
4809577
5112929
4968966
4697069
5121633
4950376
5028436
4965273
4873150
5165776
4928005
5019089
5017048
5049687
5140835
4961891
4939616
5130231
5043105
5018444
4836207
5083707
4898954
5114952
4862363
4905070
5073153
4731026
4878734
4861960
5075983
4881779
4720297
4882071
4827601
5007607
4739756
4696766
4977915
4871291
4846927
4756148
4939090
4890911
4755482
4863932
4733590
5002431
4919413
4789393
4919384
5004734
5016681
4753245
4949356
5058479
4929172
4951256
4870695
4937901
5058627
4830924
5085224
4860426
5036360
5016623
4902698
5012326
4902421
5120238
4883041
4889270
5209162
4988451
5160116
4950881
5095677
5165155
5095221
5106612
5265354
5203133
5231185
5229998
5148120
5372472
5321822
5252150
5340525
5336967
5399944
5463024
5308018
5483394
5356234
5458342
5395420
5537133
5654541
5312190
5424494
5451693
5522918
5609194
5389546
5479228
5613757
5377692
5616392
5398716
5716637
5676591
5523950
5636748
5454910
5843788
5614981
5548327
5665806
5653417
5776284
5758509
5769620
5855906
5893860
5762163
5776612
5958131
5851218
5905040
5898573
5919240
5923446
5882451
6083562
5954482
5925841
6068630
5929808
5935588
6082439
6051660
5979061
5887416
6116355
5985607
6068349
6003427
6025713
6083835
5997680
6041305
6080606
6188386
6116264
6037381
6148117
6181655
6234639
6347213
6015478
6448980
6294106
6295205
6277011
6440381
6409142
6252191
6331261
6393720
6397001
6591032
6348267
6381925
6621251
6385987
6537980
6412276
6764688
6479389
6551507
6486104
6587141
6759274
6585778
6542293
6638123
6687882
6614928
6615320
6688128
6824076
6772740
6668434
6884879
6880022
6968696
6932509
6804329
6958600
6859196
6916671
7218110
6945781
7055230
6973808
6923437
7298554
7062938
7205148
7046543
7005311
7345703
6989482
7286607
7119601
7214983
7167596
7115531
7289122
7338515
7286607
7334881
7189888
7432550
7223370
7491851
7298488
7273493
7514966
7284653
7477641
7308523
7564698
7484682
7489790
7378981
7488966
7582363
7499329
7463273
7509201
7566970
7694935
7530867
7532300
7704635
7594263
7662679
7535379
7791839
7767544
7687224
7729606
7723773
7817502
7657056
7764372
7790745
7731581
7795756
7672307
7805794
7963216
7697434
7842864
7696641
8017093
7842337
7827038
7992287
7807422
7928226
7828543
7836902
8026949
7841687
7952433
7767453
7896436
7971602
7871840
7868162
7904022
8101247
7858051
7869144
7904845
8126298
8045995
8103964
8166635
8115245
8202968
8298434
8182857
8332474
8338417
8269626
8249787
8337200
8580497
8380957
8498978
8373787
8424274
8558130
8502843
8605881
8484129
8494367
8510289
8419774
8716926
8523653
8610477
8559271
8365370
8744190
8665826
8618884
8576169
8560554
8681796
8556158
8781855
8721463
8657044
8691161
8574595
8756109
8633575
8779695
8678930
8666076
8720734
8509838
8653497
8646825
8673251
8672442
8538263
8576266
8732223
8714445
8519370
8503592
8765035
8568578
8662703
8580795
8663235
8620162
8407751
8676181
8361159
8779275
8560065
8316912
8444079
8383769
8472267
8464033
8294200
8567470
8230301
8466894
8319301
8320525
8410753
8189437
8325418
8223677
8372497
8360053
8224446
8383810
8158588
8208414
8145615
8243912
8266900
8092547
8178549
8024964
8145742
8071578
7972038
8100906
7944656
8098729
7867628
7983490
7915304
7930293
7866962
7798586
7898246
7808220
7794536
7911006
7570770
7883317
7637793
7636587
7822663
7417529
7852708
7456809
7581172
7454973
7504562
7641170
7371050
7566962
7510065
7254902
7574665
7271161
7495941
7342748
7255385
7456404
7111549
7524889
7196945
7275024
7181206
7071710
7411798
7038524
7167415
7173882
6977023
7140113
6920953
7005325
6985791
6982457
6843142
6806464
6864725
6768361
6736003
6688399
6667555
6747936
6567142
6629113
6555991
6490452
6457320
6279882
6481485
6288376
6358220
6168065
6148271
6260814
5958667
6119460
5989737
6063332
5929528
5770777
5919801
5884741
5779008
5705371
5567619
5926164
5577898
5615880
5626501
5491169
5730460
5491804
5503697
5399603
5631066
5457250
5338946
5399529
5346911
5365851
5261087
5233310
5300043
5112632
5183641
5025618
5112972
5046691
4930557
5053408
4931619
4923800
4868612
4841265
4904835
4770275
4837197
4728368
4737541
4825156
4683202
4729324
4614848
4711235
4659347
4536977
4721726
4551998
4646901
4559321
4447778
4659649
4512934
4557993
4517541
4435438
4557661
4337052
4537540
4340527
4368330
4414478
4241558
4373895
4296762
4256772
4193312
4146733
4158639
4146634
4120309
4090431
4003188
4036019
3959010
3972346
3946468
3945555
3926319
3859327
3871149
3887162
3818241
3769100
3757753
3640115
3761115
3674523
3613974
3623435
3570708
3517386
3543611
3464443
3524046
3428330
3413721
3444392
3308831
3384414
3317120
3331835
3332862
3244643
3290414
3226964
3215667
3248260
3129708
3170431
3076037
3159770
3060827
2974791
2983984
2937222
2923994
2840277
2786506
2802202
2704276
2715223
2608037
2592006
2593887
2527792
2482128
2445313
2487707
2389053
2374483
2317702
2332919
2311581
2232426
2188036
2166871
2165412
2104975
2027021
1997023
2007127
1933988
1886033
1820992
1879180
1761552
1751474
1702014
1693705
1692724
1617809
1613953
1610872
1564361
1548085
1489287
1493511
1523364
1444927
1421192
1372689
1446212
1347469
1329527
1301681
1292582
1269708
1222994
1206125
1198875
1165303
1124357
1099044
1086225
1105473
1045775
1007414
989870
1008101
972421
942719
912727
939734
892065
895590
870296
873557
856375
832098
821685
825098
819776
798023
761048
773257
774586
731372
741097
699067
728471
691052
669729
683604
658967
659998
637970
621678
628199
606540
606197
581926
572610
584418
541830
554629
524752
531261
509984
482443
484828
472646
464489
445148
435512
422610
415915
403494
392093
386170
365643
348226
347690
335678
328903
307115
301792
292097
281873
279586
263671
259354
253676
241861
247677
234623
239463
230017
220488
228357
211796
222061
210059
203724
205931
191399
203891
190086
186370
184830
171373
181557
166486
165020
160650
154894
153605
146669
148550
145375
145634
140168
138145
141430
136683
139692
131174
132845
131074
126752
132200
122165
127223
117466
116201
120334
110320
115315
105995
102787
109606
98361
104334
95629
96383
93940
87010
92163
82278
83565
80921
74476
78404
70970
70393
68254
62870
65443
59533
59860
57573
53997
54251
48227
49916
45354
44735
41570
37173
39725
33262
35183
31354
29716
30013
25241
27303
23316
22618
21954
19427
21016
18696
19240
18604
17185
18762
16896
18552
17357
17303
17401
15746
18053
15398
16766
15942
15438
16642
15564
16137
15577
15158
15205
14353
14475
13914
13201
12978
11674
12014
11322
10514
10495
9418
9667
8612
8669
8103
7531
7530
6727
6909
6125
6069
5658
5147
4685
4139
3807
3332
2856
2576
2179
1917
1560
1292
1060
744
653
377
302
157
129
111
146
175
194
206
193
178
175
153
126
141
81
96
45
49
31
23
28
11
13
2
0
0
0
0
0
0
0
0
0
0
0
0
0
0
0
0
0
0
0
0
0
0
0
0
0
0
0
0
0
0
0
0
0
0
0
0
0
0
0
