0.013681
0.013781
0.013791
0.013851
0.013893
0.013939
0.013945
0.01395
0.01395
0.013973
0.014129
0.014229
0.014243
0.014261
0.01434
0.014517
0.014571
0.01458
0.014584
0.014656
0.014662
0.014662
0.014693
0.014695
0.014719
0.014751
0.01481
0.014835
0.014853
0.015003
0.015054
0.01508
0.015253
0.01529
0.015325
0.01538
0.015412
0.015538
0.01556
0.015745
0.015826
0.015841
0.015857
0.015893
0.015945
0.015973
0.015992
0.016037
0.016102
0.016111
0.016191
0.016193
0.016218
0.016229
0.016328
0.016333
0.016343
0.016364
0.016385
0.016391
0.016429
0.016445
0.016449
0.016462
0.016467
0.01647
0.016563
0.016614
0.01666
0.016749
0.016785
0.016803
0.016819
0.016822
0.016909
0.01691
0.016972
0.017015
0.017063
0.017066
0.017083
0.0171
0.017136
0.017192
0.017232
0.017241
0.017255
0.017256
0.017269
0.017281
0.017351
0.01736
0.017374
0.017387
0.017402
0.017404
0.017406
0.017466
0.017485
0.01753
0.017555
0.017611
0.017624
0.017661
0.01767
0.017674
0.017678
0.017681
0.01772
0.017749
0.017775
0.017786
0.017818
0.017871
0.017882
0.017908
0.017927
0.017956
0.017978
0.018006
0.018039
0.018057
0.018088
0.018093
0.018095
0.018136
0.018166
0.0182
0.01821
0.018255
0.018269
0.018269
0.018313
0.018343
0.018356
0.018361
0.018376
0.018401
0.018427
0.018443
0.01847
0.018541
0.01855
0.018555
0.018557
0.018568
0.01858
0.018592
0.01861
0.018632
0.018642
0.018715
0.01875
0.018758
0.018769
0.018778
0.018834
0.018855
0.018896
0.018914
0.018918
0.018933
0.018948
0.018972
0.018977
0.018979
0.019
0.019004
0.019086
0.019088
0.019124
0.019135
0.019169
0.019199
0.019284
0.019288
0.019292
0.019319
0.019323
0.019328
0.019332
0.019363
0.019363
0.019375
0.019384
0.019394
0.0194
0.019413
0.019421
0.019443
0.019482
0.019483
0.019486
0.019494
0.019497
0.019503
0.019515
0.01952
0.019528
0.019544
0.019561
0.019562
0.019565
0.019588
0.019653
0.019672
0.019689
0.019704
0.019706
0.019755
0.019756
0.01976
0.019778
0.019789
0.019794
0.019817
0.019835
0.019837
0.019843
0.019846
0.019872
0.019886
0.019976
0.019981
0.019982
0.019995
0.02
0.02002
0.020029
0.020042
0.020054
0.020074
0.02008
0.020116
0.020148
0.02018
0.020212
0.020248
0.020265
0.020273
0.020273
0.020373
0.020379
0.020403
0.020419
0.02042
0.02043
0.020433
0.020439
0.020453
0.020454
0.020461
0.020467
0.020509
0.020531
0.020535
0.020541
0.020544
0.02055
0.020553
0.020559
0.02056
0.020567
0.020588
0.020599
0.02066
0.020663
0.02067
0.020672
0.020707
0.020709
0.020738
0.020759
0.020793
0.020795
0.020797
0.020802
0.020807
0.020811
0.020812
0.020813
0.020823
0.020835
0.020839
0.020844
0.020858
0.020873
0.02088
0.020892
0.020903
0.020905
0.020932
0.020944
0.02097
0.021011
0.021013
0.021015
0.021022
0.021059
0.021077
0.021132
0.021133
0.021145
0.021148
0.021162
0.021177
0.021194
0.021202
0.021229
0.021233
0.021233
0.021234
0.021254
0.021255
0.021271
0.021271
0.021281
0.021283
0.021283
0.021284
0.021293
0.021302
0.021311
0.021318
0.021324
0.021325
0.021359
0.021366
0.021376
0.021385
0.021411
0.02142
0.021425
0.021434
0.021435
0.021436
0.021459
0.021465
0.021477
0.021484
0.021485
0.0215
0.021511
0.021516
0.021525
0.021533
0.021563
0.021576
0.021578
0.021581
0.02159
0.021593
0.021605
0.021607
0.021623
0.021639
0.021643
0.021643
0.021646
0.021646
0.021651
0.021658
0.021688
0.021689
0.021699
0.021701
0.021706
0.021756
0.021764
0.021768
0.021783
0.021783
0.021788
0.021813
0.021834
0.021841
0.021841
0.021858
0.021867
0.021869
0.021872
0.021874
0.021875
0.021879
0.021883
0.0219
0.021922
0.021941
0.021942
0.021943
0.021975
0.021977
0.021987
0.021988
0.021994
0.02203
0.022053
0.022054
0.022058
0.022062
0.022066
0.022075
0.022097
0.022106
0.022126
0.022188
0.022202
0.022202
0.023609
0.023612
0.023628
0.023634
0.023634
0.02364
0.023646
0.023648
0.023667
0.023671
0.023682
0.023723
0.023737
0.023739
0.023744
0.02375
0.02376
0.023764
0.023775
0.023784
0.023786
0.023809
0.023819
0.023822
0.023824
0.023838
0.02387
0.023872
0.023876
0.023893
0.023894
0.0239
0.023903
0.023919
0.023955
0.023979
0.02398
0.023991
0.024003
0.024018
0.024027
0.024035
0.024061
0.024069
0.024087
0.024092
0.024093
0.024102
0.024121
0.024127
0.024176
0.024202
0.024209
0.024231
0.024245
0.024254
0.02426
0.024271
0.024277
0.024283
0.024286
0.024316
0.024351
0.024351
0.024363
0.024363
0.024364
0.024374
0.024388
0.024388
0.024415
0.024422
0.024426
0.024429
0.024486
0.024489
0.02449
0.02449
0.024492
0.024499
0.024508
0.024511
0.02452
0.024526
0.024537
0.024538
0.024549
0.02455
0.024591
0.024592
0.024599
0.024599
0.02463
0.024692
0.0247
0.024703
0.024703
0.024709
0.02472
0.024737
0.024751
0.024753
0.024753
0.024757
0.024761
0.02477
0.024776
0.024785
0.02479
0.024795
0.024795
0.024797
0.024807
0.024816
0.024818
0.02483
0.024831
0.024835
0.024837
0.024845
0.024849
0.024853
0.024864
0.024868
0.024882
0.024897
0.024901
0.024911
0.024911
0.024938
0.024941
0.024947
0.024953
0.024958
0.02496
0.024966
0.024993
0.024995
0.025002
0.02501
0.025025
0.025025
0.025028
0.025034
0.025036
0.025049
0.025052
0.025056
0.02506
0.025061
0.025067
0.025072
0.025076
0.025077
0.025079
0.025082
0.02509
0.025093
0.025098
0.025099
0.025109
0.025118
0.02513
0.025145
0.025148
0.025149
0.025154
0.025157
0.025172
0.025187
0.02519
0.025194
0.025207
0.025208
0.02521
0.025211
0.025214
0.025215
0.025219
0.025231
0.025233
0.025239
0.02524
0.025269
0.025274
0.025274
0.025284
0.025302
0.025305
0.025305
0.025308
0.025309
0.025316
0.025317
0.025318
0.025321
0.025327
0.025332
0.025334
0.025362
0.025364
0.02537
0.025371
0.025375
0.025377
0.025384
0.025387
0.025402
0.025407
0.025418
0.025438
0.025447
0.025449
0.025457
0.025464
0.025466
0.025482
0.025484
0.025486
0.025488
0.025489
0.02549
0.0255
0.025506
0.025522
0.025531
0.025536
0.025536
0.025537
0.025544
0.025545
0.025545
0.025549
0.025552
0.025555
0.025557
0.025559
0.025559
0.025561
0.025563
0.025573
0.025574
0.02559
0.025591
0.025598
0.0256
0.025604
0.025606
0.025612
0.025614
0.025631
0.025634
0.025641
0.025641
0.025643
0.025644
0.025647
0.025649
0.02566
0.02566
0.025666
0.02569
0.02571
0.025713
0.025717
0.025718
0.025718
0.025719
0.02572
0.02572
0.025725
0.025728
0.02573
0.025733
0.02574
0.025746
0.025751
0.025763
0.025764
0.025768
0.025769
0.025773
0.025776
0.025783
0.025784
0.025794
0.025798
0.025801
0.025806
0.025815
0.025821
0.025835
0.025845
0.025847
0.025847
0.025869
0.025871
0.025878
0.025878
0.025891
0.02591
0.025914
0.025927
0.025933
0.025933
0.025936
0.025939
0.025944
0.025946
0.025948
0.025962
0.025967
0.025991
0.025993
0.025996
0.025999
0.026001
0.026012
0.026023
0.02603
0.026032
0.026033
0.026073
0.026087
0.02609
0.026092
0.026095
0.026095
0.026109
0.026112
0.026114
0.026117
0.026141
0.026175
0.026179
0.026181
0.02619
0.026193
0.026195
0.026205
0.026213
0.026218
0.02623
0.026244
0.026271
0.026276
0.026302
0.02632
0.026322
0.026323
0.026327
0.026382
0.026383
0.026384
0.026387
0.026391
0.026391
0.026392
0.026398
0.026401
0.026422
0.026437
0.026449
0.026458
0.026471
0.02648
0.026487
0.026489
0.026507
0.026513
0.026515
0.026529
0.026551
0.026562
0.026569
0.026572
0.026574
0.026578
0.026587
0.026595
0.026611
0.026611
0.026623
0.026625
0.02664
0.026667
0.026685
0.026687
0.026688
0.0267
0.026711
0.026722
0.026734
0.026744
0.026761
0.026798
0.026812
0.026813
0.02684
0.026845
0.026854
0.026862
0.02688
0.026887
0.02689
0.026892
0.026908
0.026909
0.027638
0.027642
0.027645
0.027651
0.027657
0.02766
0.027661
0.027679
0.027686
0.027695
0.027729
0.027731
0.027747
0.027756
0.027764
0.027766
0.027768
0.027769
0.027775
0.027776
0.02778
0.027796
0.027826
0.027832
0.027849
0.027849
0.027859
0.027876
0.027876
0.027878
0.027883
0.027887
0.027893
0.027893
0.027898
0.027899
0.027924
0.027929
0.02793
0.027936
0.027943
0.027951
0.027952
0.027975
0.027978
0.027987
0.027997
0.028
0.02803
0.02804
0.028045
0.028047
0.028048
0.02805
0.028065
0.028065
0.028065
0.028066
0.028075
0.028083
0.028085
0.0281
0.028101
0.028104
0.028121
0.028126
0.028142
0.028144
0.028152
0.028157
0.028165
0.028188
0.028196
0.028197
0.028204
0.028207
0.028209
0.028232
0.028232
0.028236
0.028237
0.028239
0.028243
0.02826
0.028263
0.028265
0.028267
0.028268
0.028275
0.028278
0.02828
0.028281
0.028286
0.028293
0.028307
0.028308
0.028312
0.028318
0.02832
0.028322
0.028322
0.028324
0.028335
0.028338
0.028339
0.028344
0.028347
0.028347
0.028357
0.028363
0.028364
0.028374
0.028377
0.028387
0.028399
0.0284
0.028425
0.028434
0.028442
0.028447
0.02845
0.02845
0.028457
0.028458
0.028459
0.028467
0.028478
0.028481
0.028486
0.028494
0.028495
0.028497
0.028501
0.028509
0.028513
0.028524
0.028527
0.028528
0.028528
0.028529
0.028534
0.028537
0.028538
0.02854
0.02854
0.028545
0.028547
0.028549
0.028549
0.028553
0.028563
0.028572
0.028574
0.028578
0.028587
0.028605
0.028607
0.028618
0.028624
0.028625
0.028675
0.028678
0.028678
0.028686
0.028696
0.028697
0.028698
0.028703
0.028704
0.028711
0.028712
0.028723
0.028728
0.028755
0.028757
0.028759
0.028768
0.028778
0.028783
0.028795
0.028797
0.028809
0.028815
0.028828
0.02883
0.028832
0.028834
0.028865
0.028872
0.028878
0.028886
0.028901
0.028901
0.02891
0.028922
0.028926
0.028933
0.028943
0.028953
0.028954
0.02896
0.028971
0.028972
0.028973
0.02898
0.028986
0.02899
0.028996
0.029006
0.029012
0.029014
0.029037
0.029042
0.029047
0.029058
0.029071
0.029078
0.02908
0.029081
0.0291
0.029101
0.029116
0.02914
0.029145
0.029162
0.029169
0.029176
0.029176
0.029182
0.02919
0.029191
0.0292
0.029203
0.029203
0.029207
0.029223
0.029229
0.029236
0.029242
0.02925
0.029276
0.029278
0.029288
0.029295
0.029303
0.029305
0.029308
0.029316
0.029318
0.02932
0.029321
0.029327
0.029335
0.029337
0.029337
0.029355
0.029365
0.029399
0.029401
0.029412
0.029414
0.029426
0.029432
0.029434
0.029441
0.029443
0.029453
0.029461
0.029475
0.029476
0.02948
0.029481
0.029483
0.029498
0.029505
0.029505
0.029516
0.029519
0.02952
0.029521
0.029541
0.029546
0.029546
0.029546
0.029551
0.029558
0.029559
0.029595
0.029603
0.029616
0.029644
0.029649
0.029652
0.029653
0.02966
0.029663
0.029667
0.02967
0.02968
0.029687
0.029704
0.029705
0.029708
0.029709
0.029711
0.029711
0.029712
0.029719
0.029723
0.029724
0.029738
0.029741
0.029742
0.029754
0.029768
0.029775
0.02978
0.029781
0.029783
0.029784
0.029792
0.029794
0.029794
0.029795
0.029807
0.029816
0.029817
0.029818
0.029828
0.029841
0.029845
0.029858
0.029861
0.029864
0.029869
0.029884
0.02989
0.029894
0.029895
0.029897
0.029899
0.029902
0.029919
0.02994
0.029942
0.029943
0.029945
0.029946
0.029948
0.02995
0.029961
0.029972
0.029983
0.02999
0.029997
0.029999
0.030004
0.030005
0.030016
0.030019
0.030023
0.030024
0.030033
0.030035
0.03004
0.030043
0.030045
0.030046
0.030046
0.030057
0.030058
0.030083
0.030088
0.030097
0.030108
0.030111
0.03012
0.030142
0.030149
0.03016
0.03016
0.030161
0.030177
0.030189
0.030189
0.030198
0.030199
0.030211
0.030211
0.030212
0.030215
0.03022
0.030233
0.030253
0.030255
0.030259
0.030268
0.03027
0.03027
0.030274
0.030275
0.03028
0.030284
0.030289
0.030292
0.030292
0.030292
0.030302
0.039544
0.039546
0.039551
0.039551
0.03956
0.039572
0.039582
0.039584
0.039594
0.03961
0.039616
0.039618
0.039619
0.039629
0.03963
0.039632
0.039639
0.039662
0.039662
0.03967
0.039676
0.039676
0.039677
0.039689
0.039689
0.039689
0.039702
0.039705
0.039705
0.039708
0.039714
0.039716
0.039717
0.03972
0.039721
0.039733
0.039734
0.039736
0.039747
0.039758
0.039763
0.039765
0.039767
0.039773
0.039773
0.039785
0.039798
0.039805
0.039806
0.039812
0.039815
0.039816
0.039825
0.039825
0.039829
0.03983
0.039842
0.039846
0.03985
0.039853
0.039855
0.039856
0.039857
0.039857
0.03986
0.03986
0.039867
0.03987
0.039875
0.039879
0.03988
0.039882
0.039883
0.039887
0.039896
0.0399
0.039905
0.039909
0.039917
0.039918
0.039926
0.03994
0.039941
0.039945
0.039946
0.039947
0.039947
0.039948
0.039949
0.039958
0.03996
0.039968
0.039969
0.039982
0.039987
0.039997
0.039998
0.04
0.040001
0.040002
0.040006
0.040022
0.040027
0.040029
0.040037
0.04004
0.040041
0.040045
0.040054
0.040059
0.040063
0.040067
0.040068
0.040073
0.040075
0.040088
0.040104
0.040113
0.040122
0.04013
0.040134
0.04015
0.040152
0.040157
0.040161
0.04017
0.040175
0.040176
0.040183
0.040194
0.040197
0.040198
0.040201
0.040204
0.040208
0.040213
0.040214
0.040216
0.04022
0.040222
0.040235
0.040245
0.040245
0.040247
0.040247
0.040257
0.040273
0.040273
0.040274
0.040278
0.040288
0.040296
0.040299
0.040299
0.0403
0.0403
0.040306
0.040311
0.040335
0.040336
0.040337
0.040341
0.040342
0.040344
0.040346
0.040348
0.040355
0.040355
0.040379
0.040384
0.040391
0.040394
0.040397
0.040413
0.040414
0.040423
0.040444
0.040446
0.040447
0.04045
0.040455
0.04046
0.04047
0.040473
0.040474
0.040483
0.040488
0.040493
0.040493
0.040496
0.040498
0.040499
0.040499
0.040502
0.040502
0.040506
0.040509
0.04051
0.040517
0.040517
0.040521
0.040521
0.040523
0.040523
0.033305
0.033312
0.033316
0.033341
0.033346
0.033357
0.033367
0.033378
0.033405
0.033407
0.033412
0.033421
0.033421
0.033426
0.033429
0.033432
0.033443
0.033445
0.033446
0.033446
0.03345
0.033455
0.033457
0.03348
0.033482
0.033482
0.033483
0.033484
0.033506
0.03351
0.033512
0.033513
0.033516
0.033516
0.033528
0.033528
0.033537
0.033542
0.033544
0.033563
0.033567
0.033573
0.033581
0.033613
0.033626
0.03363
0.033674
0.03369
0.033693
0.033715
0.033735
0.033736
0.033737
0.033752
0.033753
0.033755
0.033766
0.03377
0.033771
0.033772
0.033783
0.033808
0.033822
0.033831
0.033841
0.03385
0.03385
0.033851
0.033854
0.033855
0.033879
0.033884
0.033894
0.0339
0.033907
0.033924
0.033925
0.033928
0.03393
0.033952
0.033954
0.033957
0.033959
0.033961
0.033982
0.033994
0.033997
0.034006
0.034012
0.034022
0.034026
0.034028
0.034032
0.034033
0.034051
0.034072
0.034079
0.034086
0.034107
0.034125
0.034153
0.034154
0.034169
0.034173
0.034178
0.034179
0.034184
0.0342
0.034203
0.034221
0.034227
0.034227
0.034253
0.034263
0.034266
0.03427
0.034279
0.034281
0.034283
0.034286
0.034299
0.034299
0.034304
0.034316
0.03432
0.034343
0.034355
0.034371
0.034383
0.034392
0.034397
0.034402
0.034421
0.034428
0.034453
0.034454
0.034456
0.034461
0.034466
0.034472
0.034478
0.034493
0.034494
0.034495
0.034498
0.034499
0.0345
0.034506
0.034509
0.034524
0.034533
0.034548
0.034557
0.034564
0.034573
0.034599
0.034608
0.034613
0.034613
0.034616
0.034632
0.034633
0.034635
0.034636
0.034646
0.034652
0.034655
0.034656
0.034661
0.034667
0.034679
0.034683
0.034688
0.03469
0.034701
0.034723
0.034734
0.034741
0.034743
0.034746
0.034751
0.034756
0.034758
0.034764
0.034765
0.034768
0.034789
0.034821
0.034863
0.034868
0.034873
0.034906
0.034929
0.034938
0.034962
0.034964
0.03497
0.03497
0.034971
0.034974
0.034983
0.034991
0.035
0.035002
0.036428
0.036429
0.036441
0.036451
0.036461
0.036501
0.036522
0.036535
0.036542
0.036544
0.036545
0.036555
0.036562
0.036569
0.036577
0.036582
0.036585
0.036599
0.036631
0.036636
0.036645
0.036656
0.036666
0.03667
0.036673
0.036677
0.036689
0.03669
0.0367
0.036702
0.036705
0.036711
0.036717
0.03672
0.036757
0.036758
0.036765
0.036773
0.036798
0.036807
0.036815
0.036834
0.036836
0.036837
0.03684
0.036844
0.036855
0.036856
0.036858
0.036861
0.036862
0.036863
0.036869
0.036876
0.036878
0.036892
0.036894
0.036895
0.036905
0.036908
0.03692
0.036941
0.036943
0.036955
0.036966
0.036978
0.037002
0.037003
0.037005
0.037008
0.037016
0.037024
0.037026
0.037039
0.03704
0.037043
0.037054
0.037056
0.037059
0.037071
0.037072
0.037072
0.03708
0.037086
0.037086
0.037087
0.037097
0.037099
0.037099
0.037106
0.037108
0.037114
0.037116
0.037122
0.037125
0.037126
0.037128
0.037132
0.037134
0.037144
0.037161
0.037164
0.037177
0.037179
0.03718
0.037184
0.037187
0.037198
0.037206
0.037219
0.037224
0.037227
0.037228
0.037231
0.037231
0.037237
0.03725
0.037252
0.037252
0.037267
0.037268
0.037271
0.037282
0.037287
0.037305
0.037306
0.037311
0.03732
0.037321
0.037321
0.037322
0.037323
0.037329
0.037331
0.037348
0.037354
0.03736
0.037363
0.037364
0.037367
0.037369
0.037377
0.037383
0.037395
0.037398
0.0374
0.037426
0.037429
0.037449
0.037459
0.037465
0.037471
0.037501
0.037504
0.037513
0.037517
0.037521
0.037529
0.037535
0.037537
0.037544
0.037554
0.037568
0.037581
0.037585
0.03759
0.037594
0.037595
0.037596
0.0376
0.037609
0.037611
0.037627
0.03763
0.037635
0.037641
0.037642
0.037654
0.037655
0.037656
0.037661
0.037696
0.037705
0.037706
0.037721
0.037724
0.037727
0.037728
0.03773
0.037746
0.037752
0.037758
0.037762
0.037763
0.037772
0.037788
0.037793
0.037804
0.037805
0.037808
0.037814
0.037815
0.037816
0.037818
0.030803
0.030806
0.030819
0.030822
0.030824
0.030826
0.030854
0.030858
0.030864
0.030869
0.030873
0.030888
0.030911
0.030914
0.030921
0.030939
0.030946
0.030972
0.030981
0.030992
0.030993
0.03101
0.03103
0.031041
0.031051
0.031055
0.031061
0.031069
0.031075
0.031086
0.031106
0.03111
0.031113
0.03112
0.031121
0.031128
0.031143
0.031153
0.031169
0.03117
0.031175
0.031176
0.031189
0.031197
0.031224
0.031244
0.031254
0.031262
0.031316
0.031321
0.031335
0.031349
0.031361
0.031361
0.031369
0.03137
0.031384
0.031384
0.031409
0.031411
0.031416
0.031418
0.031418
0.031423
0.031426
0.031442
0.03147
0.031483
0.031502
0.031523
0.031526
0.031546
0.031549
0.031561
0.031562
0.031594
0.031604
0.031647
0.03167
0.031671
0.031674
0.031683
0.031689
0.031696
0.031728
0.031739
0.031745
0.031758
0.031768
0.031774
0.03178
0.031781
0.031794
0.031813
0.031838
0.031842
0.031855
0.031877
0.031891
0.031925
0.031928
0.031938
0.031955
0.031984
0.031999
0.032006
0.032017
0.032017
0.032033
0.032051
0.032065
0.032076
0.032111
0.032112
0.032113
0.03213
0.032138
0.03215
0.03215
0.032151
0.032223
0.032238
0.032241
0.032244
0.032249
0.032253
0.032257
0.032259
0.032264
0.032273
0.032274
0.03229
0.032298
0.03231
0.032337
0.032352
0.032358
0.032361
0.03238
0.032388
0.032399
0.032475
0.03248
0.032493
0.032509
0.032513
0.032513
0.032516
0.03252
0.03252
0.032525
0.032532
0.03254
0.032551
0.032553
0.032559
0.032559
0.032573
0.032576
0.032581
0.032589
0.032597
0.032599
0.032604
0.032606
0.032639
0.032649
0.032651
0.032662
0.032667
0.032686
0.032697
0.032716
0.032721
0.032722
0.032747
0.032749
0.032751
0.03276
0.032763
0.032766
0.032773
0.032778
0.032783
0.032783
0.032788
0.032794
0.032797
0.032809
0.032809
0.032832
0.032847
0.032849
0.032855
0.03286
0.032868
0.032882
0.032916
0.032919
0.032945
0.032949
0.032956
0.032958
0.03296
0.042612
0.042614
0.042625
0.042636
0.042638
0.042646
0.04265
0.04265
0.042657
0.042664
0.042675
0.042675
0.04268
0.042695
0.0427
0.042706
0.042707
0.042715
0.042724
0.042725
0.042733
0.042734
0.042742
0.042753
0.042755
0.04276
0.042778
0.04278
0.042782
0.042785
0.04279
0.042823
0.042823
0.042828
0.042836
0.042838
0.042842
0.042842
0.042844
0.042847
0.042851
0.042851
0.042855
0.042864
0.042866
0.042866
0.042874
0.042886
0.042888
0.042889
0.042889
0.04289
0.042893
0.042895
0.042901
0.042931
0.042932
0.042951
0.04296
0.042968
0.042976
0.042985
0.042986
0.042993
0.043001
0.043005
0.04301
0.043011
0.043016
0.043027
0.043027
0.043031
0.043031
0.043039
0.043039
0.043039
0.043043
0.043044
0.043045
0.043046
0.043053
0.043054
0.043059
0.043059
0.043068
0.043069
0.043092
0.043093
0.0431
0.043105
0.043106
0.04311
0.043116
0.043119
0.043125
0.043127
0.043129
0.043132
0.043141
0.043156
0.043156
0.043166
0.043166
0.043169
0.043175
0.043186
0.04319
0.043196
0.043205
0.04322
0.043233
0.043238
0.043244
0.043246
0.04325
0.043251
0.043254
0.043267
0.043269
0.043273
0.043279
0.043288
0.043291
0.043292
0.043297
0.043298
0.043299
0.043309
0.043311
0.04332
0.043331
0.043334
0.043344
0.043351
0.043351
0.043352
0.043353
0.04336
0.043365
0.043367
0.04337
0.043373
0.043378
0.043389
0.043393
0.043395
0.043395
0.043397
0.043404
0.043412
0.043413
0.043414
0.043416
0.043421
0.043426
0.043431
0.043431
0.043433
0.043452
0.043469
0.04347
0.043475
0.043483
0.043485
0.043491
0.043493
0.043495
0.043498
0.043498
0.043506
0.043514
0.043525
0.043526
0.043529
0.04353
0.043536
0.043561
0.043562
0.043569
0.043572
0.043584
0.043586
0.043587
0.04359
0.043592
0.043596
0.043596
0.043598
0.043611
0.043616
0.043621
0.043622
0.043631
0.04364
0.043654
0.043655
0.043657
0.043657
0.043665
0.043666
0.043671
0.04368
0.043688
0.04369
0.045066
0.045077
0.045082
0.045106
0.045125
0.045139
0.045147
0.045151
0.045152
0.045165
0.045169
0.04517
0.045186
0.045193
0.045195
0.045196
0.045209
0.045209
0.045219
0.045225
0.045227
0.045238
0.045239
0.045239
0.045243
0.045244
0.045255
0.045265
0.045269
0.045273
0.045288
0.045292
0.045293
0.045302
0.04531
0.045324
0.045326
0.045333
0.045345
0.04536
0.045368
0.045382
0.045383
0.045397
0.045408
0.045409
0.045415
0.045416
0.045428
0.045435
0.045438
0.045445
0.045451
0.045457
0.045467
0.045476
0.04548
0.04549
0.045493
0.045499
0.0455
0.045503
0.04551
0.04551
0.045526
0.045529
0.045538
0.045539
0.045554
0.045557
0.045567
0.045569
0.045576
0.045582
0.0456
0.0456
0.0456
0.045614
0.045619
0.045633
0.045636
0.045641
0.045642
0.045651
0.045672
0.045713
0.045717
0.045717
0.045723
0.045728
0.045728
0.045737
0.04574
0.045752
0.045753
0.045765
0.045777
0.045777
0.045791
0.045795
0.045796
0.045809
0.045819
0.045821
0.045825
0.045827
0.045827
0.045841
0.045848
0.045861
0.045869
0.045877
0.045883
0.045884
0.045884
0.045888
0.045897
0.045898
0.0459
0.045908
0.045909
0.045909
0.045913
0.045917
0.045937
0.045938
0.045943
0.045956
0.045956
0.045957
0.045969
0.045971
0.045978
0.045983
0.045983
0.045984
0.04599
0.045993
0.046
0.046004
0.046015
0.046023
0.046023
0.046028
0.04603
0.046033
0.046038
0.04606
0.046061
0.046061
0.046062
0.046069
0.046079
0.046102
0.046102
0.046103
0.046109
0.046117
0.046131
0.046132
0.046133
0.046133
0.046139
0.046146
0.046148
0.046155
0.046157
0.046178
0.046189
0.046193
0.046194
0.0462
0.046207
0.04621
0.046211
0.046211
0.046218
0.046227
0.046233
0.046234
0.046236
0.046239
0.046241
0.046241
0.046243
0.046252
0.046254
0.046267
0.046268
0.046283
0.046286
0.046289
0.046289
0.046289
0.046321
0.046323
0.046326
0.046335
0.04635
0.046354
0.046357
0.046358
0.046361
0.046369
0.040537
0.040543
0.040543
0.040546
0.040549
0.04055
0.040557
0.040564
0.040566
0.040577
0.040583
0.040587
0.040594
0.040594
0.040595
0.040597
0.040599
0.040603
0.040611
0.040631
0.040632
0.040638
0.040648
0.040654
0.040663
0.040666
0.040668
0.040669
0.040677
0.040681
0.040684
0.040685
0.040706
0.040714
0.040716
0.04073
0.040735
0.040742
0.04075
0.040762
0.040767
0.040807
0.04081
0.040812
0.040814
0.040815
0.040816
0.040821
0.040827
0.040838
0.040839
0.040842
0.040854
0.040856
0.040857
0.040857
0.040873
0.040875
0.040883
0.040884
0.040891
0.040892
0.040894
0.040897
0.040898
0.0409
0.040909
0.040918
0.04092
0.040921
0.040925
0.04093
0.04093
0.040934
0.040949
0.04095
0.040952
0.040953
0.040962
0.040989
0.040992
0.041
0.041009
0.041022
0.041039
0.04104
0.041068
0.041077
0.041079
0.041079
0.041084
0.041089
0.041091
0.041097
0.041101
0.04111
0.041113
0.041145
0.041158
0.041159
0.041163
0.041181
0.041202
0.041202
0.041202
0.041207
0.04122
0.041235
0.041237
0.041242
0.041245
0.041259
0.04127
0.041272
0.041287
0.041295
0.04131
0.041312
0.041318
0.041321
0.041326
0.041326
0.041327
0.041332
0.041333
0.041336
0.041378
0.041385
0.041387
0.041394
0.041398
0.041399
0.0414
0.041409
0.041414
0.041415
0.041416
0.04143
0.041446
0.041447
0.041454
0.041461
0.041464
0.041466
0.04147
0.041487
0.041487
0.041503
0.041505
0.041538
0.041553
0.041556
0.041558
0.041565
0.04157
0.041571
0.041575
0.041577
0.041595
0.041598
0.041602
0.041611
0.041614
0.041623
0.041627
0.041628
0.041633
0.041635
0.041643
0.041658
0.041662
0.041664
0.041676
0.04168
0.041685
0.041696
0.041697
0.041712
0.041713
0.041715
0.041717
0.041724
0.041731
0.041735
0.041766
0.041786
0.04179
0.041791
0.041794
0.041798
0.041804
0.041826
0.041837
0.041864
0.041864
0.041873
0.041874
0.041878
0.04188
0.04188
0.041886
0.04189
0.041893
0.041911
0.037819
0.037829
0.037837
0.03785
0.037855
0.037855
0.037861
0.037871
0.037873
0.037876
0.037877
0.037879
0.037901
0.037903
0.037904
0.037906
0.037911
0.037914
0.037939
0.037949
0.037962
0.037967
0.037987
0.037988
0.037994
0.037997
0.038012
0.038013
0.03803
0.03804
0.038047
0.03805
0.038064
0.038075
0.038079
0.038082
0.038083
0.038091
0.038098
0.038099
0.038102
0.038108
0.038111
0.038113
0.038117
0.038124
0.038137
0.038144
0.038147
0.038159
0.038174
0.038185
0.038196
0.038198
0.038202
0.038205
0.038215
0.038243
0.038256
0.03827
0.038277
0.038278
0.038281
0.038283
0.038288
0.038289
0.03829
0.038306
0.038312
0.038324
0.038326
0.038331
0.038344
0.038345
0.038351
0.03836
0.038367
0.03837
0.038371
0.038382
0.038392
0.038398
0.038402
0.038416
0.038425
0.038431
0.038443
0.038445
0.038447
0.038468
0.038469
0.038475
0.038486
0.038488
0.038489
0.038491
0.038493
0.038495
0.038498
0.038507
0.038514
0.038519
0.038521
0.038528
0.038534
0.038548
0.038562
0.038565
0.038573
0.038574
0.038578
0.038578
0.038588
0.038589
0.038591
0.038592
0.038595
0.038598
0.0386
0.0386
0.038605
0.038608
0.038612
0.038631
0.038646
0.038663
0.038665
0.038667
0.03867
0.038672
0.038693
0.038695
0.038696
0.038698
0.038701
0.038714
0.03872
0.038727
0.038734
0.038737
0.038737
0.038746
0.038749
0.038753
0.038773
0.038782
0.038784
0.038792
0.038803
0.038806
0.038821
0.038837
0.038845
0.038849
0.03885
0.038858
0.03886
0.038866
0.038882
0.038895
0.038898
0.038901
0.038901
0.038903
0.038905
0.038914
0.038914
0.038915
0.03893
0.038936
0.038948
0.038957
0.038977
0.038977
0.038981
0.038985
0.038989
0.038991
0.038992
0.038995
0.038996
0.038999
0.039022
0.039026
0.039036
0.039037
0.03904
0.039048
0.039067
0.039071
0.03908
0.039085
0.039086
0.039091
0.0391
0.039105
0.039106
0.039112
0.039143
0.039147
0.039153
0.039159
0.039165
0.039165
0.046374
0.04638
0.046383
0.046395
0.04641
0.046442
0.046447
0.046449
0.046452
0.046452
0.046459
0.046461
0.046468
0.04647
0.046484
0.046489
0.0465
0.046502
0.046505
0.046509
0.046513
0.046514
0.046516
0.046519
0.04653
0.046531
0.04654
0.046545
0.04655
0.046555
0.046572
0.046573
0.046577
0.046602
0.046603
0.046605
0.046617
0.046618
0.046621
0.046624
0.046625
0.046642
0.046644
0.046669
0.04667
0.046671
0.046676
0.046677
0.046689
0.046689
0.046696
0.046706
0.046707
0.046708
0.04671
0.046713
0.046715
0.046724
0.046724
0.046725
0.046726
0.046732
0.046732
0.046733
0.046744
0.046761
0.046762
0.046763
0.046766
0.046768
0.046768
0.046768
0.04677
0.04678
0.046798
0.046799
0.046799
0.046806
0.046806
0.046833
0.046833
0.046836
0.046841
0.046842
0.046846
0.046849
0.046852
0.046861
0.046863
0.046865
0.046868
0.04687
0.046877
0.04688
0.046881
0.046887
0.046887
0.046891
0.046893
0.046899
0.046907
0.046909
0.04691
0.046931
0.046941
0.046943
0.046955
0.046957
0.04696
0.046968
0.046971
0.046971
0.046977
0.046978
0.046992
0.046996
0.046996
0.047
0.047001
0.047003
0.047005
0.047007
0.047008
0.047013
0.047038
0.047038
0.04704
0.047073
0.047073
0.047075
0.04708
0.047093
0.047103
0.047114
0.047123
0.047127
0.047129
0.047142
0.047152
0.047153
0.047155
0.047156
0.047158
0.047162
0.047162
0.047163
0.047171
0.047174
0.047175
0.047178
0.047185
0.047194
0.047199
0.047199
0.047203
0.047204
0.047206
0.047211
0.047224
0.047232
0.047237
0.047237
0.047242
0.047243
0.047246
0.047253
0.047255
0.047257
0.047261
0.047262
0.047265
0.047266
0.047271
0.047273
0.047274
0.047279
0.04729
0.047306
0.04732
0.047321
0.047324
0.04734
0.047344
0.047354
0.047369
0.047376
0.047379
0.047383
0.047383
0.047387
0.047399
0.047404
0.047413
0.047417
0.047417
0.047421
0.047422
0.047426
0.047426
0.047427
0.047432
0.047432
0.047438
0.047443
0.047793
0.047794
0.047798
0.047804
0.047806
0.047807
0.04781
0.047813
0.047814
0.047816
0.04782
0.04782
0.047822
0.047837
0.047841
0.047842
0.047853
0.04786
0.047867
0.04787
0.047874
0.047876
0.047877
0.047883
0.047883
0.047884
0.047886
0.04789
0.047899
0.047902
0.047905
0.047906
0.04791
0.047911
0.047915
0.047917
0.047919
0.047921
0.047925
0.047942
0.047945
0.047945
0.047947
0.047954
0.047957
0.047958
0.047967
0.047967
0.04797
0.04797
0.047975
0.047977
0.047979
0.047982
0.047985
0.047991
0.047994
0.047995
0.047995
0.047999
0.048
0.048006
0.048007
0.048014
0.048017
0.048019
0.048019
0.048022
0.04803
0.048034
0.048038
0.048053
0.048055
0.048057
0.048058
0.048084
0.048089
0.048092
0.048101
0.048104
0.048104
0.048105
0.048105
0.048107
0.048109
0.048111
0.048111
0.048115
0.048116
0.048126
0.048128
0.048128
0.048132
0.048133
0.048133
0.048136
0.048137
0.048143
0.048145
0.048148
0.048159
0.04816
0.048171
0.048172
0.048176
0.048178
0.04818
0.048182
0.048187
0.048189
0.0482
0.048207
0.048212
0.048217
0.048222
0.048227
0.048227
0.048232
0.048236
0.048238
0.048249
0.048252
0.048277
0.048289
0.048293
0.048308
0.048308
0.048314
0.04832
0.048323
0.048333
0.048333
0.048346
0.048354
0.048354
0.048357
0.048357
0.048363
0.048376
0.048377
0.048377
0.048392
0.048397
0.048404
0.048405
0.048406
0.048407
0.048409
0.048418
0.048429
0.048432
0.048432
0.048435
0.048441
0.048442
0.048443
0.048452
0.048462
0.048468
0.048471
0.048471
0.048483
0.048485
0.048508
0.048518
0.048527
0.048536
0.048541
0.048549
0.048552
0.048565
0.04857
0.048576
0.048577
0.048596
0.048606
0.048606
0.048607
0.048616
0.048618
0.048619
0.048621
0.048622
0.048625
0.048627
0.048631
0.048634
0.048639
0.04864
0.048646
0.048649
0.048655
0.048661
0.048664
0.048666
0.048679
0.048683
0.048686
0.048693
0.048697
0.048705
0.048709
0.048716
0.048723
0.003083
0.003383
0.003553
0.003652
0.004575
0.005024
0.005248
0.005283
0.005367
0.005502
0.006086
0.006805
0.008313
0.010913
0.01177
0.012455
0.013474
0.013601
0.014796
0.015371
0.016229
0.017892
0.018858
0.019857
0.020571
0.021119
0.021254
0.022044
0.022781
0.023078
0.023175
0.023263
0.023272
0.02495
0.02623
0.027501
0.028345
0.029012
0.029766
0.029894
0.030877
0.03288
0.03449
0.034724
0.035073
0.035213
0.035534
0.03554
0.036343
0.039618
0.041965
0.043464
0.046817
0.048718
0.048894
0.04986
0.007326
0.012153
0.013404
0.01553
0.015862
0.017591
0.017736
0.017814
0.017966
0.018101
0.018521
0.019801
0.020175
0.020806
0.021005
0.021183
0.021775
0.021932
0.022628
0.022691
0.022922
0.023079
0.023395
0.023418
0.023476
0.023484
0.023485
0.023623
0.023715
0.023897
0.024133
0.024196
0.024534
0.025312
0.025564
0.025897
0.026663
0.027559
0.027878
0.027984
0.027988
0.028051
0.028194
0.028334
0.028557
0.029418
0.029903
0.030156
0.030615
0.031082
0.031086
0.031214
0.031351
0.031714
0.031776
0.031879
0.03252
0.032976
0.033313
0.033575
0.033617
0.03375
0.034084
0.03412
0.034132
0.034325
0.034484
0.034844
0.03494
0.035112
0.035397
0.035902
0.035974
0.036154
0.036234
0.036243
0.036433
0.036725
0.036965
0.037015
0.037032
0.037076
0.037159
0.037434
0.037445
0.037735
0.03776
0.037762
0.037938
0.038283
0.03832
0.03847
0.038587
0.03859
0.038738
0.038774
0.038835
0.039139
0.039165
0.039416
0.039754
0.039996
0.040148
0.040197
0.040284
0.040294
0.040433
0.040444
0.040513
0.040656
0.040657
0.040678
0.040698
0.040868
0.040898
0.040939
0.041079
0.041142
0.041218
0.041388
0.041579
0.041586
0.041705
0.041766
0.041923
0.042025
0.0422
0.042205
0.042388
0.042532
0.042597
0.042605
0.042785
0.042808
0.042906
0.042928
0.043026
0.04328
0.043291
0.043328
0.043363
0.043385
0.043387
0.043655
0.043673
0.043697
0.043719
0.043733
0.017275
0.017279
0.017283
0.0173
0.017303
0.017312
0.01732
0.017329
0.017347
0.017347
0.017359
0.01737
0.017404
0.01741
0.017437
0.017444
0.017462
0.017466
0.017474
0.017475
0.017482
0.017486
0.017489
0.017492
0.017494
0.017498
0.017517
0.017538
0.017543
0.01756
0.017562
0.017566
0.017586
0.017596
0.017601
0.017606
0.017617
0.01762
0.017622
0.017634
0.017648
0.017657
0.017672
0.01768
0.017687
0.017714
0.017714
0.017716
0.017727
0.017728
0.017747
0.017758
0.017789
0.017796
0.017861
0.01788
0.017891
0.017912
0.017924
0.017929
0.017939
0.017957
0.017972
0.017992
0.017996
0.018007
0.018011
0.018032
0.018033
0.018038
0.018089
0.018089
0.018093
0.018093
0.018096
0.018128
0.018133
0.018153
0.018163
0.018189
0.018208
0.018211
0.018217
0.018233
0.018234
0.018241
0.018246
0.018246
0.018269
0.018303
0.018317
0.018365
0.018381
0.018395
0.018404
0.018418
0.01844
0.018449
0.018453
0.018465
0.018469
0.018479
0.018486
0.018492
0.018493
0.018496
0.018504
0.018513
0.018521
0.018544
0.018547
0.018566
0.018569
0.018583
0.018606
0.018612
0.018619
0.018627
0.018637
0.018642
0.018645
0.018646
0.018654
0.018664
0.018678
0.018689
0.018704
0.018721
0.018728
0.018736
0.018741
0.018765
0.018781
0.018792
0.018792
0.018794
0.01883
0.018832
0.018834
0.018846
0.018857
0.018864
0.018867
0.018877
0.018913
0.018917
0.018921
0.018934
0.018951
0.018957
0.018964
0.018971
0.019008
0.019013
0.019058
0.019063
0.019105
0.019136
0.019179
0.019187
0.019194
0.019236
0.019239
0.01924
0.019247
0.019249
0.01925
0.019262
0.019269
0.019307
0.019313
0.019357
0.019364
0.01937
0.019377
0.019382
0.019402
0.019425
0.019429
0.019442
0.019496
0.019498
0.01952
0.019542
0.01955
0.01956
0.019563
0.019586
0.019589
0.019597
0.019615
0.019641
0.019679
0.019689
0.019697
0.019697
0.019703
0.019706
0.019729
0.019732
0.019736
0.019746
0.019759
0.019759
0.015817
0.016257
0.019916
0.020081
0.020613
0.021108
0.021183
0.022397
0.02437
0.024497
0.025993
0.027194
0.0272
0.028264
0.029418
0.032091
0.033091
0.033924
0.035505
0.036214
0.037682
0.037732
0.038269
0.040192
0.045442
0.006981
0.006989
0.014416
0.016299
0.005836
0.005921
0.00247
0.002476
0.002699
0.003248
0.003294
0.003403
0.003541
0.003945
0.004746
0.004904
0.004991
0.005061
0.005119
0.005124
0.005318
0.005558
0.005615
0.005632
0.00578
0.005815
0.005845
0.005896
0.005933
0.005942
0.006183
0.006211
0.00636
0.006462
0.007667
0.00832
0.008593
0.008856
0.010245
0.010986
0.011764
0.012281
0.01253
0.012585
0.012931
0.01311
0.013258
0.01422
0.014501
0.014934
0.015174
0.015436
0.015599
0.015917
0.016131
0.017015
0.01728
0.017443
0.017618
0.017983
0.017993
0.018318
0.01863
0.018836
0.018952
0.019067
0.019173
0.019245
0.019335
0.019399
0.019538
0.019548
0.019777
0.019821
0.019859
0.019883
0.020222
0.020245
0.020414
0.020529
0.020585
0.020613
0.020639
0.020679
0.020764
0.02123
0.021275
0.021366
0.021473
0.02153
0.021686
0.021705
0.02175
0.021755
0.021841
0.021948
0.021989
0.022237
0.022254
0.022256
0.02238
0.022672
0.022737
0.022743
0.022843
0.02302
0.023038
0.023074
0.023097
0.023126
0.023171
0.02319
0.02325
0.023326
0.023362
0.023379
0.023416
0.023599
0.023627
0.023662
0.023728
0.023757
0.023806
0.023852
0.023943
0.023976
0.024022
0.02404
0.024087
0.024358
0.024376
0.024664
0.024774
0.024922
0.024925
0.024966
0.025003
0.025048
0.025107
0.025157
0.025157
0.025162
0.025215
0.02522
0.025252
0.025467
0.025503
0.025516
0.025516
0.02554
0.025641
0.025676
0.025997
0.026058
0.026074
0.026079
0.026096
0.026096
0.026142
0.026147
0.026155
0.026182
0.026396
0.026596
0.026899
0.026951
0.027084
0.027254
0.027343
0.027367
0.027551
0.027914
0.0281
0.028135
0.028166
0.028325
0.028366
0.028377
0.028381
0.024209
0.024209
0.024217
0.024229
0.024253
0.0243
0.024303
0.024314
0.024329
0.02433
0.024334
0.024335
0.02435
0.024353
0.024376
0.024377
0.024392
0.024398
0.024414
0.024447
0.024489
0.0245
0.024506
0.024507
0.024513
0.024547
0.024565
0.02457
0.024576
0.024583
0.024615
0.024633
0.024639
0.024669
0.024681
0.024712
0.024744
0.024748
0.024758
0.02476
0.024772
0.024793
0.024795
0.024812
0.024813
0.024821
0.024839
0.024871
0.024872
0.024873
0.024895
0.024902
0.024903
0.024903
0.024908
0.024922
0.024927
0.024929
0.024953
0.024966
0.024973
0.024976
0.024977
0.02498
0.024982
0.024989
0.025021
0.025031
0.02504
0.025068
0.025073
0.025108
0.025115
0.025119
0.025141
0.025152
0.02516
0.025183
0.025184
0.025206
0.025207
0.025212
0.025219
0.025227
0.025229
0.025256
0.02527
0.025295
0.025301
0.025318
0.025347
0.02535
0.025355
0.025366
0.025367
0.025383
0.025385
0.025397
0.025408
0.025458
0.025459
0.025477
0.025494
0.025498
0.025517
0.02552
0.025529
0.025547
0.025575
0.025588
0.025599
0.025604
0.025606
0.025607
0.025664
0.02569
0.025693
0.025705
0.025716
0.025724
0.025727
0.025736
0.02578
0.02579
0.025824
0.02585
0.025864
0.025872
0.025888
0.025903
0.025927
0.025978
0.025992
0.026003
0.026016
0.026035
0.026038
0.026052
0.026054
0.026067
0.026072
0.026103
0.026105
0.026135
0.026144
0.026145
0.026145
0.026179
0.026185
0.026194
0.026216
0.026218
0.026248
0.026287
0.026288
0.026307
0.026312
0.026351
0.026352
0.02638
0.026413
0.026436
0.026459
0.026468
0.026471
0.026505
0.026576
0.026619
0.026632
0.026647
0.026655
0.02667
0.026681
0.026684
0.026687
0.026724
0.026732
0.026733
0.026744
0.026769
0.026788
0.026794
0.026797
0.026822
0.026833
0.026857
0.026858
0.026867
0.026921
0.026937
0.026974
0.026987
0.02699
0.027013
0.027027
0.027087
0.027106
0.027132
0.027151
0.027152
0.027165
0.027193
0.027236
0.027259
0.019809
0.019819
0.019827
0.019829
0.019839
0.019857
0.019892
0.019894
0.019902
0.019942
0.019943
0.019956
0.019968
0.019969
0.01997
0.019973
0.019975
0.020007
0.02002
0.020024
0.020055
0.020059
0.020061
0.020069
0.020074
0.020089
0.020099
0.020106
0.020115
0.020131
0.020141
0.020149
0.020168
0.020182
0.02019
0.020213
0.020217
0.020219
0.020236
0.020248
0.020253
0.020258
0.020262
0.020263
0.020269
0.020313
0.020317
0.020325
0.020325
0.020342
0.020343
0.020358
0.02036
0.020369
0.020374
0.020378
0.020393
0.020403
0.020422
0.020434
0.020449
0.020451
0.020467
0.020477
0.020483
0.020488
0.020496
0.020497
0.0205
0.020517
0.020528
0.02054
0.020545
0.020574
0.020578
0.020581
0.0206
0.020665
0.020672
0.020684
0.020693
0.020745
0.020746
0.020764
0.020778
0.020793
0.020795
0.02081
0.02081
0.020822
0.020824
0.020834
0.020895
0.020915
0.020923
0.020929
0.020934
0.020939
0.02097
0.020971
0.020971
0.020983
0.020986
0.020993
0.020996
0.020998
0.021
0.021002
0.021016
0.021048
0.021048
0.021056
0.021064
0.021065
0.021071
0.021077
0.021079
0.021097
0.021146
0.021147
0.021162
0.021203
0.021223
0.021243
0.021248
0.021262
0.02128
0.021302
0.021316
0.021318
0.021326
0.021363
0.021368
0.021372
0.021372
0.021377
0.021383
0.021402
0.021417
0.021441
0.021443
0.021462
0.021465
0.021466
0.02147
0.021489
0.021491
0.021504
0.021541
0.021583
0.021585
0.02159
0.021606
0.021609
0.021613
0.021615
0.021649
0.021652
0.021655
0.021675
0.021676
0.021689
0.021702
0.021704
0.02173
0.021745
0.021755
0.021763
0.021766
0.021768
0.021778
0.021788
0.021793
0.021795
0.021819
0.021837
0.021916
0.02192
0.021923
0.021953
0.021955
0.021963
0.021965
0.022008
0.02202
0.022024
0.022028
0.022031
0.022044
0.022053
0.022059
0.022072
0.022088
0.022132
0.022141
0.022175
0.022184
0.02219
0.022191
0.022194
0.022215
0.022224
0.022235
0.022247
0.006382
0.008909
0.021366
0.043434
0.012591
0.017208
0.020421
0.023083
0.023791
0.003533
0.043166
0.043244
0.043552
0.044798
0.045361
0.04607
0.047265
0.04731
0.047436
0.047639
0.048563
0.049889
0.049927
0.029861
0.029868
0.029872
0.029892
0.029925
0.02993
0.029943
0.029955
0.029965
0.029981
0.029982
0.029987
0.030006
0.030017
0.030042
0.030046
0.030104
0.030125
0.030129
0.030164
0.030174
0.030221
0.030224
0.030226
0.030248
0.030251
0.030252
0.030256
0.030259
0.030273
0.030282
0.030285
0.030314
0.030327
0.030335
0.030353
0.030354
0.030354
0.030355
0.030356
0.0304
0.030427
0.030432
0.030465
0.030477
0.030481
0.030486
0.030486
0.030501
0.030503
0.030553
0.030563
0.030565
0.030597
0.030601
0.030608
0.030617
0.030634
0.030665
0.030693
0.030731
0.030758
0.030805
0.030962
0.030967
0.031012
0.031013
0.031026
0.031027
0.031121
0.031126
0.031145
0.031157
0.03116
0.031216
0.031249
0.031253
0.031273
0.031281
0.031323
0.03135
0.031367
0.031378
0.031389
0.03139
0.031441
0.031442
0.031508
0.031589
0.0316
0.031612
0.031615
0.031642
0.031648
0.031653
0.03169
0.03169
0.031696
0.031724
0.031744
0.031776
0.031797
0.031859
0.031905
0.031909
0.031928
0.031946
0.032002
0.032019
0.032028
0.032063
0.032069
0.03208
0.03214
0.032171
0.032214
0.032214
0.032221
0.032314
0.032353
0.032376
0.032384
0.032387
0.032402
0.032412
0.032431
0.032451
0.032452
0.032469
0.032477
0.032482
0.032483
0.032516
0.032539
0.03255
0.032554
0.032561
0.03263
0.032631
0.032639
0.032645
0.032662
0.032677
0.032683
0.032707
0.032711
0.032718
0.032781
0.032782
0.032789
0.032808
0.032826
0.032839
0.032844
0.032849
0.032861
0.032862
0.032862
0.032876
0.032916
0.032928
0.032943
0.032947
0.032987
0.033009
0.033021
0.033022
0.033076
0.033093
0.033107
0.033115
0.03312
0.033121
0.033125
0.033128
0.033135
0.033136
0.033145
0.033148
0.033162
0.033166
0.034518
0.034535
0.034557
0.034585
0.03464
0.034643
0.034665
0.034681
0.034689
0.034695
0.034701
0.034714
0.03474
0.034743
0.034776
0.034861
0.034866
0.034868
0.034885
0.034892
0.034899
0.034899
0.034912
0.034916
0.03494
0.034957
0.03496
0.035007
0.035008
0.03503
0.035046
0.035079
0.035085
0.035129
0.035133
0.035135
0.03515
0.035179
0.035198
0.035207
0.03523
0.035236
0.035248
0.035256
0.035262
0.035274
0.035274
0.035281
0.035298
0.0353
0.035307
0.035332
0.03538
0.035418
0.035425
0.035447
0.035504
0.035509
0.035539
0.035566
0.035582
0.035586
0.035606
0.035645
0.035662
0.035689
0.035716
0.03572
0.035729
0.035756
0.035785
0.035794
0.035825
0.035845
0.035845
0.035875
0.035922
0.035942
0.035971
0.035989
0.03599
0.035995
0.035999
0.036022
0.036036
0.036041
0.036042
0.03605
0.03605
0.036062
0.03607
0.03608
0.036091
0.036097
0.036119
0.036147
0.036184
0.036196
0.036206
0.036236
0.036263
0.036311
0.036322
0.036346
0.036385
0.036387
0.036398
0.036399
0.036405
0.036417
0.036418
0.036479
0.036485
0.036491
0.036497
0.036507
0.036549
0.036566
0.036583
0.036587
0.036595
0.036595
0.036615
0.036616
0.036622
0.036649
0.036651
0.036667
0.036693
0.036702
0.036709
0.036715
0.036716
0.036722
0.036725
0.036726
0.036728
0.036737
0.036745
0.03675
0.036759
0.036775
0.036789
0.036812
0.036843
0.036845
0.036863
0.03689
0.036898
0.036902
0.03691
0.036912
0.036914
0.036918
0.03694
0.036944
0.036944
0.036949
0.03695
0.03697
0.036976
0.036978
0.036992
0.037
0.037008
0.037024
0.037026
0.037054
0.037062
0.037076
0.037088
0.037099
0.037101
0.037111
0.037115
0.037117
0.037131
0.037132
0.037134
0.037141
0.037144
0.037154
0.037183
0.037184
0.037191
0.037207
0.037209
0.03723
0.037236
0.037237
0.037238
0.037241
0.037242
0.037246
0.037261
0.037267
0.037274
0.037303
0.037313
0.037313
0.037324
0.037333
0.037342
0.037371
0.004877
0.007741
0.013756
0.017316
0.017338
0.018612
0.020907
0.020911
0.020955
0.021148
0.021698
0.022248
0.022336
0.022418
0.022643
0.023236
0.023255
0.023405
0.023688
0.02385
0.024292
0.024947
0.025362
0.025936
0.026011
0.026017
0.026715
0.027153
0.028767
0.029178
0.029222
0.029634
0.029753
0.030691
0.031147
0.031206
0.032421
0.032555
0.032836
0.032997
0.033553
0.03378
0.034264
0.034281
0.035127
0.035694
0.035807
0.036005
0.036706
0.036831
0.03701
0.037132
0.037189
0.038511
0.039681
0.040865
0.041038
0.041533
0.041674
0.043277
0.043321
0.04444
0.045344
0.045524
0.046504
0.046559
0.047215
0.047411
0.047621
0.048334
0.048381
0.048391
0.049677
0.030461
0.031692
0.034227
0.02388
0.004446
0.004933
0.005229
0.005847
0.00605
0.007606
0.008535
0.009037
0.009403
0.009575
0.019677
0.028334
0.005357
0.007251
0.008497
0.020541
0.001508
0.001529
0.001827
0.002601
0.002996
0.003011
0.003074
0.003145
0.003186
0.003206
0.003212
0.003219
0.003222
0.003226
0.003279
0.003448
0.003469
0.00359
0.003608
0.003622
0.003703
0.003791
0.003896
0.003985
0.004158
0.004194
0.004205
0.004248
0.004267
0.004367
0.004405
0.0045
0.00454
0.004564
0.00461
0.004611
0.004824
0.004824
0.004956
0.004984
0.004991
0.004991
0.00504
0.005055
0.005061
0.005111
0.005132
0.005138
0.005162
0.00517
0.005234
0.005284
0.005297
0.005317
0.005326
0.005475
0.005485
0.005556
0.00556
0.005658
0.005669
0.005701
0.005723
0.005732
0.00574
0.00575
0.005753
0.005792
0.005823
0.00585
0.005881
0.005918
0.005953
0.005959
0.005975
0.006004
0.006017
0.006047
0.006071
0.006249
0.006264
0.006282
0.006316
0.006325
0.006347
0.006381
0.006398
0.006404
0.006468
0.006517
0.006567
0.006576
0.006619
0.00667
0.006714
0.00681
0.00687
0.007065
0.007077
0.007167
0.007209
0.00725
0.007655
0.007681
0.008011
0.008524
0.008529
0.009063
0.009322
0.009812
0.010066
0.037379
0.03738
0.037388
0.037391
0.037398
0.037407
0.037416
0.037431
0.037452
0.037453
0.037459
0.037466
0.037473
0.037476
0.037477
0.037484
0.037485
0.037486
0.0375
0.037511
0.037513
0.037523
0.037533
0.037539
0.037547
0.037548
0.037556
0.037557
0.037557
0.037558
0.037571
0.037578
0.037584
0.037597
0.037604
0.037608
0.037609
0.037609
0.037614
0.037622
0.037624
0.037631
0.037641
0.037644
0.037651
0.037653
0.037659
0.037661
0.037669
0.037691
0.037691
0.037697
0.037699
0.037713
0.037717
0.037734
0.037742
0.037748
0.037759
0.037782
0.03779
0.037811
0.037811
0.037815
0.037822
0.037828
0.037828
0.037835
0.037836
0.037848
0.03785
0.037852
0.037861
0.037878
0.03789
0.037895
0.037914
0.037929
0.037932
0.037933
0.037943
0.03795
0.037952
0.037953
0.037953
0.037953
0.037966
0.037979
0.037982
0.037992
0.037998
0.03801
0.03801
0.03804
0.038043
0.038047
0.038055
0.038061
0.038063
0.038064
0.03807
0.038087
0.038088
0.038093
0.038099
0.038107
0.038116
0.038119
0.038125
0.038153
0.038156
0.038165
0.038169
0.038182
0.038186
0.038192
0.038193
0.038195
0.038197
0.038219
0.03825
0.038262
0.038264
0.038293
0.038315
0.038319
0.038326
0.038331
0.038355
0.038365
0.038365
0.038372
0.038375
0.038375
0.038383
0.038388
0.038393
0.038394
0.038405
0.03842
0.038424
0.038426
0.038455
0.038467
0.0385
0.038504
0.038517
0.038519
0.038542
0.038555
0.038566
0.038569
0.03857
0.03857
0.038574
0.038577
0.038578
0.038581
0.038587
0.038602
0.03861
0.03861
0.038621
0.038636
0.038651
0.038651
0.038674
0.038674
0.038688
0.038693
0.038695
0.038711
0.038725
0.038735
0.038743
0.038771
0.038775
0.038798
0.038806
0.038812
0.038816
0.038817
0.038821
0.03883
0.038831
0.038838
0.038844
0.038844
0.038845
0.038846
0.038853
0.038862
0.038877
0.038892
0.0389
0.038902
0.038906
0.038906
0.038907
0.038927
0.038927
0.038951
0.038951
0.038952
0.039083
0.039084
0.039093
0.039097
0.039112
0.039118
0.039118
0.039126
0.039142
0.039147
0.039147
0.039154
0.039154
0.039179
0.03918
0.039185
0.039202
0.039208
0.039215
0.039215
0.039216
0.039226
0.039229
0.039239
0.039244
0.039248
0.039265
0.039285
0.039309
0.039312
0.039315
0.03932
0.039324
0.039332
0.039338
0.039341
0.039345
0.039355
0.039366
0.039373
0.039379
0.039381
0.039383
0.039388
0.039404
0.039423
0.039426
0.039432
0.039467
0.039485
0.039485
0.039487
0.039492
0.039493
0.039495
0.03951
0.03951
0.039514
0.039514
0.039515
0.039516
0.039527
0.039531
0.039546
0.039547
0.039552
0.039557
0.039559
0.039561
0.039582
0.039584
0.039588
0.039595
0.039601
0.039604
0.039606
0.039623
0.039638
0.039638
0.039643
0.039646
0.039659
0.039671
0.039675
0.039688
0.039695
0.039701
0.039717
0.039722
0.039732
0.039733
0.039735
0.03974
0.039742
0.039756
0.039778
0.039786
0.03979
0.039797
0.039805
0.039806
0.039814
0.03982
0.039827
0.039831
0.039837
0.039841
0.039846
0.039859
0.039865
0.039867
0.039874
0.039887
0.039897
0.039898
0.039899
0.039923
0.039924
0.039944
0.039944
0.039962
0.03997
0.039979
0.039984
0.040006
0.040014
0.040026
0.040031
0.040032
0.040047
0.040048
0.040056
0.040057
0.04007
0.040089
0.040092
0.0401
0.04011
0.040117
0.040119
0.040126
0.040141
0.040142
0.040155
0.040191
0.040192
0.040193
0.040203
0.040216
0.040221
0.040221
0.040227
0.040229
0.040234
0.040236
0.040239
0.040255
0.04027
0.04027
0.040275
0.040292
0.040307
0.040327
0.040336
0.040336
0.040337
0.040352
0.040355
0.040355
0.040368
0.040393
0.040404
0.040425
0.040433
0.040435
0.040437
0.040439
0.04044
0.040444
0.040466
0.040481
0.040485
0.040486
0.040486
0.040495
0.040509
0.04051
0.040519
0.040557
0.040558
0.040567
0.040574
0.040581
0.040589
0.040597
0.040599
0.040613
0.040621
0.040622
0.040627
0.040651
0.040651
0.040659
0.04066
0.04354
0.043541
0.043543
0.043546
0.043547
0.043548
0.043552
0.043553
0.043554
0.043563
0.043569
0.043575
0.043577
0.043584
0.043586
0.043596
0.043601
0.043609
0.043621
0.043628
0.043633
0.043635
0.043637
0.043638
0.043639
0.043639
0.04365
0.043655
0.043659
0.043662
0.043673
0.043674
0.04368
0.043681
0.043683
0.043702
0.043708
0.043713
0.043716
0.043724
0.043724
0.043724
0.043726
0.043731
0.043732
0.043732
0.043733
0.043739
0.043759
0.043764
0.043777
0.043779
0.043799
0.043803
0.043805
0.043819
0.043819
0.043828
0.043837
0.043844
0.04385
0.043858
0.043858
0.043888
0.043893
0.043895
0.043896
0.043897
0.0439
0.043903
0.043903
0.043922
0.043924
0.043929
0.043938
0.043954
0.043956
0.043964
0.043966
0.043977
0.043983
0.043985
0.04399
0.044
0.044001
0.044013
0.044016
0.044034
0.044044
0.044046
0.044049
0.044068
0.044074
0.044085
0.0441
0.044103
0.044108
0.044128
0.044129
0.044134
0.044136
0.044151
0.044159
0.044162
0.044172
0.044172
0.044187
0.044197
0.044202
0.044205
0.04421
0.044215
0.044228
0.044229
0.044238
0.04425
0.044264
0.044265
0.044266
0.044276
0.044281
0.044282
0.044284
0.044284
0.044287
0.044287
0.044289
0.044292
0.044292
0.044297
0.044305
0.044305
0.04431
0.044313
0.044316
0.044317
0.044323
0.044327
0.044338
0.044345
0.044351
0.044356
0.044365
0.044366
0.044371
0.044377
0.044385
0.044408
0.044416
0.044421
0.044429
0.044435
0.044438
0.044438
0.044442
0.044449
0.04445
0.044465
0.044474
0.044491
0.044519
0.044522
0.044527
0.044528
0.04453
0.044533
0.044543
0.044547
0.04455
0.044554
0.044555
0.044555
0.044558
0.044558
0.044589
0.044595
0.044596
0.044598
0.0446
0.044604
0.044608
0.044613
0.044617
0.044624
0.044625
0.04463
0.044642
0.044643
0.044643
0.044659
0.044671
0.04468
0.044691
0.044693
0.0447
0.044706
0.044715
0.044721
0.044735
0.044751
0.044754
0.044769
0.04477
0.044781
0.047093
0.0471
0.047112
0.047113
0.047124
0.047138
0.047141
0.047142
0.04715
0.047157
0.04716
0.047162
0.047163
0.047166
0.04717
0.04717
0.047173
0.047175
0.047179
0.04718
0.04718
0.04719
0.047192
0.047207
0.047208
0.047208
0.04721
0.047213
0.047215
0.047224
0.047226
0.04723
0.047232
0.047235
0.047236
0.047236
0.047246
0.047246
0.047255
0.047255
0.047259
0.047261
0.047266
0.047276
0.047277
0.047284
0.047292
0.047295
0.047298
0.047301
0.047311
0.047315
0.047316
0.047325
0.047328
0.047333
0.047337
0.047346
0.047358
0.047361
0.047366
0.047368
0.047376
0.0474
0.047406
0.047407
0.047408
0.047417
0.04742
0.047427
0.047431
0.047438
0.047441
0.047441
0.047442
0.047444
0.047452
0.047454
0.047457
0.047461
0.04747
0.04747
0.047476
0.047479
0.047479
0.047479
0.047489
0.047493
0.047497
0.047499
0.047509
0.047521
0.047521
0.047533
0.047533
0.047533
0.047534
0.047535
0.047543
0.047548
0.047555
0.047559
0.04756
0.047566
0.047566
0.047576
0.047578
0.04758
0.047589
0.047618
0.047621
0.047632
0.047637
0.047642
0.047645
0.047646
0.04765
0.047652
0.04766
0.047662
0.047662
0.047666
0.047667
0.04767
0.047672
0.047679
0.047684
0.047684
0.047693
0.047703
0.047714
0.047721
0.047725
0.047731
0.047732
0.047735
0.047736
0.047745
0.047751
0.047751
0.047763
0.047763
0.04777
0.047781
0.047783
0.047786
0.047795
0.047796
0.047807
0.047809
0.047819
0.047819
0.047825
0.04783
0.04783
0.04784
0.047842
0.047864
0.047865
0.047866
0.04787
0.047874
0.047878
0.047879
0.047883
0.047885
0.047888
0.047892
0.047896
0.047902
0.047907
0.047909
0.047911
0.047911
0.047911
0.047914
0.047919
0.04792
0.047927
0.04793
0.047941
0.04795
0.047957
0.04796
0.047965
0.04797
0.047976
0.047979
0.047983
0.047986
0.047988
0.047992
0.047993
0.047993
0.047998
0.048012
0.048018
0.048024
0.048028
0.048042
0.04805
0.048055
0.048055
0.04806
0.040662
0.040667
0.040671
0.040674
0.040676
0.040679
0.040687
0.040691
0.040709
0.040727
0.040741
0.040748
0.040753
0.04076
0.040771
0.040778
0.040795
0.040807
0.040811
0.040824
0.040832
0.040832
0.040836
0.040845
0.040845
0.040857
0.040868
0.040875
0.040886
0.040897
0.0409
0.040903
0.040914
0.04092
0.040928
0.040939
0.040944
0.040945
0.040949
0.040953
0.04096
0.040978
0.040985
0.040988
0.041007
0.04101
0.041021
0.041023
0.04103
0.041036
0.041047
0.04105
0.041051
0.041064
0.041066
0.04107
0.041078
0.041083
0.041115
0.041123
0.041134
0.041135
0.041143
0.041146
0.041152
0.041152
0.04116
0.041171
0.041177
0.041181
0.041182
0.041189
0.041193
0.041196
0.041209
0.041212
0.041234
0.041239
0.04124
0.04125
0.041264
0.041271
0.041275
0.041282
0.041283
0.041286
0.041302
0.041304
0.041307
0.041322
0.041336
0.041345
0.041359
0.041375
0.041401
0.041431
0.041451
0.041475
0.04148
0.041483
0.041494
0.041494
0.041496
0.041498
0.041514
0.04152
0.041521
0.041527
0.04154
0.041546
0.04155
0.041572
0.041572
0.041592
0.041593
0.041614
0.041622
0.041624
0.041634
0.041635
0.041649
0.041649
0.041656
0.041663
0.041665
0.041666
0.04167
0.041677
0.041684
0.041687
0.041692
0.041706
0.041723
0.041724
0.041727
0.04173
0.041731
0.041731
0.041733
0.041739
0.04175
0.041753
0.041761
0.041766
0.04177
0.041774
0.041775
0.041779
0.041785
0.041798
0.041805
0.041809
0.041809
0.041813
0.041818
0.041836
0.041847
0.04185
0.041854
0.041859
0.041861
0.041861
0.041862
0.04189
0.041896
0.041899
0.041912
0.041927
0.041954
0.041966
0.041966
0.04199
0.041994
0.041996
0.042018
0.042026
0.042034
0.042036
0.042057
0.042068
0.042069
0.042083
0.042098
0.042104
0.04211
0.042113
0.042117
0.042118
0.042119
0.042122
0.042127
0.042131
0.042132
0.042143
0.042155
0.042174
0.042176
0.042182
0.042183
0.042185
0.042186
0.042192
0.042207
0.042208
0.048078
0.048082
0.048093
0.048099
0.048101
0.048102
0.048107
0.048111
0.048123
0.048124
0.048124
0.048125
0.048127
0.048147
0.048148
0.048152
0.048156
0.04817
0.04817
0.048174
0.04818
0.048184
0.048192
0.048195
0.048198
0.048199
0.048203
0.048207
0.048208
0.048208
0.048216
0.04822
0.048225
0.048227
0.04823
0.048233
0.048234
0.048235
0.048245
0.048249
0.048251
0.048252
0.04826
0.04826
0.048273
0.048274
0.048296
0.048296
0.048301
0.048305
0.048307
0.048313
0.048313
0.048338
0.048338
0.048344
0.048347
0.048347
0.048362
0.048381
0.048386
0.048396
0.048406
0.048417
0.048424
0.048427
0.048428
0.048437
0.048438
0.048454
0.048463
0.048464
0.048473
0.048486
0.048489
0.04849
0.048491
0.048494
0.048514
0.048515
0.048539
0.048551
0.04856
0.048565
0.048586
0.048587
0.04859
0.048603
0.048612
0.04862
0.048622
0.04863
0.048635
0.048648
0.048649
0.048655
0.04866
0.048664
0.048666
0.048673
0.048674
0.048683
0.048689
0.048701
0.048703
0.048703
0.04871
0.048742
0.048747
0.048747
0.048748
0.048753
0.04876
0.048767
0.048768
0.048775
0.048785
0.048788
0.048804
0.04884
0.04884
0.048841
0.048842
0.048861
0.048862
0.048863
0.04887
0.048881
0.048882
0.048888
0.048897
0.048904
0.04893
0.048931
0.048951
0.048951
0.048959
0.048964
0.048964
0.048968
0.048986
0.048996
0.049003
0.049032
0.049034
0.049039
0.049043
0.049051
0.049064
0.049074
0.049076
0.04908
0.049082
0.049105
0.049107
0.049108
0.049118
0.049124
0.049127
0.049137
0.049146
0.049148
0.049154
0.049155
0.049156
0.049162
0.049172
0.049198
0.049205
0.049215
0.049217
0.049219
0.04923
0.049232
0.049234
0.049251
0.049255
0.049256
0.049256
0.049274
0.04929
0.049315
0.049324
0.049326
0.049328
0.049332
0.049341
0.049341
0.049344
0.049347
0.04935
0.04935
0.04935
0.049368
0.049378
0.049379
0.049382
0.049385
0.049386
0.049409
0.049422
0.049444
0.049447
0.049462
0.044785
0.044786
0.04479
0.044796
0.044797
0.044799
0.044808
0.044812
0.044825
0.04483
0.044833
0.044836
0.044837
0.044843
0.044843
0.044874
0.044875
0.044877
0.044879
0.044881
0.044885
0.044889
0.044889
0.044895
0.044896
0.0449
0.044904
0.044906
0.044917
0.044934
0.044938
0.04495
0.044958
0.044969
0.045003
0.045003
0.045004
0.045006
0.04501
0.045012
0.045013
0.045014
0.045022
0.045034
0.045038
0.045038
0.045044
0.045045
0.045051
0.045063
0.045064
0.045067
0.045071
0.045086
0.045086
0.045088
0.045097
0.045102
0.045103
0.045104
0.045117
0.045127
0.045128
0.045152
0.04517
0.045175
0.04519
0.045219
0.045233
0.045236
0.04524
0.045248
0.045254
0.045261
0.045261
0.045261
0.045262
0.045266
0.045271
0.045277
0.045289
0.045295
0.045295
0.045299
0.0453
0.045314
0.045319
0.045319
0.045329
0.045353
0.045354
0.045359
0.045372
0.045376
0.04539
0.045407
0.045408
0.045412
0.045425
0.045426
0.045433
0.045445
0.045456
0.045463
0.045467
0.045468
0.045473
0.045475
0.045496
0.045521
0.045526
0.045527
0.045544
0.045548
0.045559
0.045563
0.045573
0.045573
0.045577
0.045583
0.045591
0.045593
0.045602
0.045603
0.045603
0.045619
0.045625
0.045632
0.045635
0.045636
0.045642
0.045649
0.045654
0.045654
0.045658
0.045667
0.045692
0.045698
0.045699
0.045706
0.045715
0.045722
0.045727
0.045729
0.04574
0.04574
0.045746
0.045747
0.045755
0.04576
0.045775
0.045783
0.045798
0.045801
0.045802
0.04581
0.045812
0.045813
0.045814
0.045828
0.045853
0.045857
0.04586
0.045869
0.045886
0.045889
0.045934
0.045953
0.045958
0.045963
0.045967
0.045968
0.045971
0.045978
0.045979
0.045979
0.045983
0.046004
0.046007
0.046011
0.046013
0.046021
0.046022
0.046034
0.046038
0.046044
0.046047
0.046057
0.046057
0.046066
0.046077
0.04608
0.046082
0.046082
0.046084
0.046089
0.046096
0.046097
0.046104
0.046105
0.046113
0.046115
0.046122
0.046123
0.042214
0.042225
0.042237
0.042252
0.042258
0.042259
0.042261
0.042274
0.042277
0.042281
0.042297
0.042299
0.0423
0.042306
0.042312
0.042327
0.042327
0.042341
0.042348
0.042354
0.04237
0.042378
0.042392
0.042403
0.042409
0.04241
0.04242
0.042422
0.042446
0.042452
0.042452
0.042453
0.042455
0.042467
0.042471
0.042476
0.042476
0.042478
0.042484
0.042484
0.042489
0.04249
0.042491
0.042496
0.042539
0.042542
0.042552
0.042575
0.042579
0.04259
0.04259
0.042595
0.042618
0.042632
0.042632
0.042633
0.04264
0.042646
0.042646
0.042648
0.042649
0.042651
0.042652
0.042653
0.042656
0.042659
0.042665
0.042665
0.042666
0.042668
0.042673
0.042677
0.042678
0.04268
0.042684
0.042686
0.042687
0.042701
0.042702
0.042711
0.042721
0.04273
0.042738
0.042738
0.042756
0.042758
0.042764
0.042769
0.042778
0.042782
0.042782
0.042789
0.042805
0.042813
0.042817
0.042837
0.042838
0.042839
0.042845
0.04285
0.042855
0.042865
0.042873
0.042885
0.042887
0.042888
0.042893
0.042904
0.042905
0.042909
0.042911
0.042912
0.042927
0.042946
0.042958
0.04296
0.042961
0.042961
0.042961
0.042976
0.042987
0.042993
0.042999
0.04301
0.043012
0.043014
0.043017
0.043038
0.043049
0.043052
0.043054
0.043061
0.043065
0.043066
0.043068
0.043072
0.043091
0.043093
0.043093
0.0431
0.043105
0.043106
0.043113
0.04312
0.043126
0.043128
0.043144
0.043152
0.043159
0.043162
0.043167
0.043168
0.043173
0.043178
0.043183
0.043186
0.043196
0.043198
0.0432
0.043201
0.043203
0.043204
0.043207
0.043215
0.043216
0.043251
0.043258
0.043259
0.043271
0.043277
0.043305
0.043309
0.043309
0.043323
0.043323
0.043328
0.043332
0.043333
0.043347
0.043357
0.043362
0.043369
0.043371
0.043375
0.043385
0.043386
0.043386
0.04339
0.0434
0.04341
0.043411
0.043414
0.043418
0.043424
0.043429
0.04343
0.04344
0.043478
0.043481
0.043482
0.043485
0.043486
0.043488
0.043488
0.001681
0.003088
0.00312
0.004299
0.004756
0.005132
0.033333
0.002805
0.002973
0.003261
0.003338
0.003699
0.003722
0.003746
0.003751
0.003773
0.003875
0.003982
0.004109
0.004123
0.004212
0.004262
0.004306
0.004365
0.004422
0.004447
0.00463
0.004843
0.0049
0.004947
0.004991
0.004991
0.004991
0.005038
0.005077
0.005133
0.0052
0.005218
0.005265
0.005269
0.005296
0.005298
0.005349
0.005387
0.005393
0.005457
0.005476
0.005477
0.005478
0.005745
0.00581
0.005872
0.006038
0.006067
0.006098
0.006104
0.006144
0.006149
0.006181
0.006196
0.006336
0.006351
0.006403
0.006447
0.006463
0.00651
0.006574
0.006656
0.006694
0.006718
0.006731
0.006828
0.007013
0.007264
0.007926
0.007987
0.00803
0.008084
0.008593
0.008839
0.008903
0.008932
0.009201
0.009254
0.009315
0.009319
0.009502
0.009804
0.009822
0.0109
0.010924
0.011157
0.011299
0.011471
0.011603
0.01167
0.011722
0.011857
0.011916
0.012029
0.012168
0.012292
0.012333
0.012536
0.012588
0.012747
0.012752
0.012754
0.012769
0.012791
0.012816
0.012841
0.012853
0.012958
0.01296
0.013001
0.013003
0.013117
0.013172
0.013174
0.013281
0.013443
0.013458
0.013496
0.013527
0.013551
0.022262
0.022292
0.022313
0.022358
0.022362
0.022366
0.022379
0.022401
0.022406
0.022422
0.022436
0.022449
0.02245
0.022469
0.022472
0.022502
0.022506
0.022507
0.022531
0.022531
0.022539
0.022547
0.022557
0.022557
0.022577
0.022585
0.02259
0.022611
0.022624
0.022627
0.022641
0.022651
0.022672
0.022675
0.022695
0.022699
0.0227
0.022703
0.022704
0.022717
0.022724
0.022733
0.022742
0.022772
0.022774
0.022775
0.022822
0.022827
0.022861
0.022891
0.022892
0.022899
0.022907
0.022916
0.022928
0.022932
0.022932
0.022939
0.022987
0.023009
0.023025
0.023038
0.023043
0.023058
0.02306
0.023066
0.023086
0.023088
0.023091
0.023091
0.023106
0.023111
0.023123
0.023132
0.023146
0.023149
0.02315
0.023157
0.023179
0.023186
0.0232
0.023238
0.02324
0.02325
0.023257
0.023262
0.023265
0.023296
0.023297
0.023309
0.023323
0.02333
0.023336
0.023336
0.023353
0.023362
0.023367
0.023369
0.023371
0.02338
0.02338
0.023393
0.023394
0.023412
0.023443
0.023454
0.023459
0.023467
0.023477
0.023491
0.023502
0.023535
0.023549
0.023564
0.023593
0.023597
0.0236
0.023603
0.02361
0.023617
0.023618
0.023622
0.023623
0.023638
0.02365
0.023653
0.023722
0.023722
0.023731
0.023731
0.023732
0.023734
0.023797
0.023802
0.02382
0.023827
0.023867
0.023869
0.023873
0.023873
0.023893
0.023896
0.023906
0.023948
0.023993
0.024005
0.024019
0.024062
0.024063
0.024066
0.024068
0.024069
0.024073
0.02409
0.024119
0.024138
0.024142
0.024176
0.024196
0.030303
0.030315
0.03032
0.030327
0.030334
0.030342
0.030343
0.030345
0.030353
0.030355
0.030373
0.030376
0.03038
0.03038
0.030382
0.030395
0.030395
0.0304
0.030406
0.030412
0.03043
0.030439
0.030456
0.030457
0.03046
0.030467
0.03047
0.03047
0.030482
0.030484
0.030511
0.030514
0.030519
0.030527
0.030528
0.03054
0.030555
0.030566
0.030568
0.030569
0.03059
0.030606
0.030606
0.030614
0.030615
0.030618
0.030627
0.030633
0.03064
0.030648
0.03065
0.030657
0.030662
0.030662
0.030668
0.030671
0.030686
0.030693
0.030694
0.030705
0.030709
0.030738
0.030744
0.030787
0.035004
0.03501
0.035014
0.035035
0.035042
0.035058
0.035075
0.035085
0.035087
0.035108
0.035108
0.035111
0.035113
0.035129
0.035131
0.035133
0.035137
0.03514
0.035142
0.035146
0.035149
0.035158
0.035167
0.03518
0.035203
0.035209
0.035215
0.035242
0.035242
0.035267
0.035274
0.035274
0.035277
0.035281
0.035288
0.035288
0.035292
0.0353
0.03532
0.035337
0.035339
0.03534
0.035351
0.035361
0.035362
0.035366
0.035376
0.035379
0.035391
0.035422
0.035426
0.035427
0.035437
0.03544
0.03544
0.035443
0.035446
0.035447
0.035454
0.035463
0.03547
0.035477
0.035488
0.035502
0.03551
0.035531
0.035532
0.035536
0.035564
0.03557
0.03559
0.03559
0.035593
0.035602
0.035639
0.035663
0.035681
0.035683
0.035692
0.035698
0.035714
0.035714
0.035739
0.035756
0.035779
0.035802
0.035811
0.035827
0.035831
0.035839
0.035857
0.035877
0.035878
0.035888
0.0359
0.035906
0.035909
0.035926
0.035945
0.035957
0.035969
0.035979
0.036038
0.036045
0.036055
0.036057
0.03607
0.036072
0.036088
0.036103
0.036113
0.036119
0.036141
0.036148
0.036151
0.036186
0.036217
0.036224
0.036224
0.036231
0.036255
0.03627
0.036277
0.036284
0.036294
0.036299
0.036301
0.03631
0.036329
0.03633
0.036339
0.036349
0.036349
0.036363
0.03637
0.036374
0.036378
0.036388
0.036394
0.036412
0.036414
0.022216
0.022217
0.022222
0.022229
0.022245
0.022252
0.022267
0.0223
0.022305
0.022317
0.022321
0.022323
0.022336
0.022343
0.022353
0.022369
0.022386
0.022391
0.022398
0.022399
0.0224
0.022424
0.022434
0.022436
0.022441
0.022446
0.022449
0.02245
0.02247
0.022481
0.022513
0.022579
0.022587
0.022592
0.022607
0.022621
0.022626
0.02263
0.022634
0.022634
0.022643
0.022646
0.022658
0.022699
0.022712
0.022743
0.022762
0.022766
0.02277
0.022775
0.02279
0.022806
0.022809
0.022819
0.022835
0.022836
0.022839
0.022841
0.022849
0.022857
0.022858
0.022864
0.022871
0.022873
0.022873
0.022878
0.022893
0.022904
0.022922
0.022924
0.022939
0.022943
0.022993
0.022994
0.023001
0.023002
0.023003
0.023016
0.02302
0.023033
0.023037
0.023037
0.023042
0.023053
0.02306
0.023062
0.023084
0.023111
0.023117
0.023119
0.02313
0.023132
0.023171
0.023175
0.023181
0.023183
0.023189
0.023192
0.023205
0.023209
0.023211
0.023219
0.023232
0.023248
0.023256
0.023256
0.023257
0.02327
0.023279
0.023295
0.023296
0.023321
0.02333
0.023333
0.023373
0.023378
0.02338
0.023385
0.023386
0.023411
0.023416
0.023417
0.02342
0.023427
0.023427
0.023436
0.023437
0.02344
0.023442
0.023465
0.023475
0.023491
0.023505
0.023521
0.023539
0.023562
0.023564
0.023572
0.023585
0.043495
0.043495
0.043509
0.043526
0.024137
0.024966
0.025226
0.03386
0.033903
0.035938
0.038588
0.044349
0.046489
0.049864
0.037236
0.039016
0.039232
0.047413
0.047607
0.004131
0.005292
0.005384
0.006372
0.007321
0.008958
0.009295
0.009346
0.009627
0.013099
0.013714
0.049468
0.049471
0.049485
0.049491
0.049505
0.049518
0.049521
0.049526
0.049527
0.049575
0.049579
0.049584
0.049601
0.049613
0.049624
0.049631
0.049637
0.049649
0.049653
0.049656
0.049658
0.04967
0.04969
0.049696
0.049703
0.049703
0.049715
0.049718
0.049719
0.049719
0.04973
0.049731
0.049733
0.049734
0.049737
0.049746
0.049752
0.049757
0.04976
0.049761
0.049761
0.049772
0.049776
0.049788
0.049793
0.049816
0.049823
0.049827
0.04983
0.049835
0.049836
0.049838
0.049879
0.049881
0.049883
0.049886
0.049911
0.049916
0.049916
0.049918
0.049969
0.04997
0.049984
0.049986
0.049995
0.010158
0.010173
0.010746
0.010819
0.011161
0.011166
0.011368
0.011393
0.011854
0.012023
0.012143
0.012229
0.012392
0.012407
0.012419
0.012426
0.012513
0.012531
0.01254
0.012582
0.012657
0.012663
0.01267
0.012699
0.012743
0.012811
0.012816
0.012842
0.013
0.013021
0.013095
0.013228
0.013301
0.013359
0.013531
0.013556
0.013621
0.013649
0.013712
0.013717
0.013786
0.013795
0.013864
0.01398
0.014044
0.014066
0.014078
0.014127
0.014187
0.014219
0.014402
0.014468
0.014518
0.014599
0.014732
0.014885
0.015045
0.015108
0.015271
0.015439
0.01547
0.0155
0.015537
0.015569
0.015623
0.01569
0.015698
0.015721
0.015733
0.015754
0.015864
0.015876
0.015888
0.015894
0.015953
0.015955
0.01606
0.01608
0.016104
0.016145
0.016178
0.016195
0.016246
0.016267
0.01632
0.016335
0.01635
0.016366
0.016368
0.016369
0.016376
0.016376
0.016406
0.016446
0.016501
0.016518
0.016544
0.016548
0.016578
0.016588
0.016596
0.016669
0.016705
0.016748
0.016755
0.01678
0.016782
0.016785
0.016796
0.016797
0.016854
0.016856
0.016873
0.016875
0.016943
0.016948
0.016981
0.016983
0.017014
0.017018
0.017021
0.017033
0.017069
0.017078
0.017119
0.017151
0.017163
0.017213
0.017214
0.017228
0.017231
0.017234
0.017241
0.017241
0.017259
0.017263
0.048723
0.048724
0.048734
0.048735
0.048741
0.048742
0.048744
0.048783
0.048802
0.048808
0.048812
0.048839
0.048844
0.048859
0.048877
0.048894
0.048909
0.04891
0.04891
0.048925
0.048925
0.048934
0.048942
0.048944
0.048945
0.048952
0.048954
0.049004
0.049013
0.049014
0.049018
0.04902
0.049028
0.049031
0.049035
0.049035
0.049056
0.049058
0.04906
0.049099
0.049102
0.049112
0.049141
0.049142
0.049144
0.049147
0.049156
0.049156
0.049167
0.049168
0.04919
0.049195
0.049199
0.049209
0.049209
0.049228
0.049247
0.049254
0.049268
0.049269
0.04927
0.049273
0.049279
0.049302
0.049304
0.049308
0.049327
0.049327
0.049328
0.049332
0.049339
0.049349
0.049353
0.049355
0.049363
0.049374
0.049376
0.049377
0.049393
0.049412
0.049426
0.049431
0.049432
0.049438
0.049443
0.049444
0.049444
0.049449
0.04945
0.049502
0.049503
0.049504
0.049505
0.04951
0.049512
0.049517
0.049518
0.049523
0.049541
0.049543
0.049546
0.049553
0.049557
0.049559
0.049569
0.04958
0.049584
0.049585
0.049585
0.049589
0.049591
0.049595
0.049598
0.049609
0.049611
0.049616
0.049635
0.049642
0.049644
0.049645
0.049656
0.049657
0.049663
0.049665
0.049669
0.049689
0.049701
0.049716
0.049725
0.049731
0.049732
0.049738
0.04974
0.049741
0.049743
0.049746
0.049753
0.049767
0.04977
0.049775
0.049777
0.04978
0.049789
0.049792
0.049796
0.049797
0.049802
0.049807
0.04981
0.049811
0.049813
0.04982
0.049823
0.04983
0.049831
0.049831
0.049854
0.049865
0.04987
0.049871
0.049876
0.049877
0.049878
0.04988
0.049881
0.049895
0.049896
0.0499
0.049901
0.049902
0.049904
0.049911
0.049915
0.049917
0.049918
0.04992
0.049923
0.049925
0.049932
0.049937
0.049968
0.04997
0.04998
0.04998
0.049981
0.049991
0.049994
0.049999
0.05
0.032985
0.032997
0.033002
0.033005
0.03301
0.033012
0.033015
0.033031
0.033034
0.033039
0.033061
0.033066
0.033067
0.033068
0.03307
0.033079
0.033088
0.033097
0.033112
0.033112
0.033113
0.033119
0.033124
0.033128
0.033189
0.033213
0.03324
0.033256
0.033266
0.033267
0.033267
0.033278
0.033287
0.033299
0.027277
0.027286
0.027327
0.027356
0.027387
0.027405
0.027409
0.027424
0.027432
0.027456
0.027488
0.02749
0.027493
0.027501
0.027509
0.027512
0.027515
0.027545
0.027545
0.027548
0.027567
0.027589
0.027606
0.027609
0.027624
0.027658
0.027658
0.027672
0.027703
0.027703
0.027731
0.027732
0.027732
0.027764
0.027772
0.027773
0.027806
0.027817
0.027873
0.02789
0.027913
0.027951
0.027963
0.027992
0.027993
0.02808
0.028083
0.028088
0.028103
0.028108
0.028117
0.028124
0.028125
0.028128
0.028131
0.02814
0.028147
0.028165
0.028254
0.028274
0.028298
0.028302
0.028316
0.02832
0.02832
0.028324
0.028325
0.028337
0.028359
0.028363
0.028377
0.028385
0.028391
0.028407
0.028415
0.028444
0.028465
0.028482
0.02851
0.028534
0.028612
0.028619
0.028622
0.028626
0.028656
0.028684
0.02869
0.028699
0.028729
0.028737
0.028756
0.028768
0.028773
0.028787
0.028789
0.028811
0.028823
0.028828
0.028834
0.028836
0.028838
0.028841
0.028852
0.028884
0.028893
0.028928
0.028936
0.028941
0.028945
0.028952
0.028969
0.028971
0.028972
0.028973
0.028974
0.028977
0.028989
0.029005
0.029007
0.029025
0.029033
0.029042
0.029047
0.029078
0.029081
0.0291
0.029107
0.029112
0.029119
0.029129
0.029131
0.029157
0.029163
0.029172
0.029211
0.029213
0.029215
0.029234
0.029235
0.029248
0.029259
0.029292
0.029294
0.029296
0.029309
0.029329
0.02935
0.029353
0.029401
0.029406
0.029409
0.029411
0.029429
0.029445
0.02946
0.029464
0.029466
0.029469
0.029483
0.029496
0.029508
0.029522
0.029535
0.029553
0.029572
0.029573
0.029604
0.029629
0.029667
0.029671
0.029689
0.029714
0.029716
0.029738
0.029766
0.029788
0.029816
0.029851
0.046128
0.046134
0.046139
0.04614
0.046144
0.046157
0.046163
0.046173
0.046175
0.04619
0.046191
0.046204
0.046209
0.046212
0.046212
0.046217
0.046227
0.046233
0.046233
0.046254
0.046256
0.046256
0.046264
0.046265
0.046295
0.0463
0.04631
0.046315
0.046326
0.046327
0.046335
0.046339
0.046341
0.046344
0.046345
0.046363
0.04638
0.046384
0.046385
0.046395
0.046396
0.046407
0.04641
0.046424
0.046425
0.046436
0.046438
0.046443
0.046447
0.046448
0.04645
0.046456
0.046462
0.046478
0.046479
0.046488
0.046495
0.04651
0.046522
0.046525
0.046534
0.046536
0.046545
0.046548
0.046552
0.046553
0.046554
0.046564
0.046571
0.046572
0.046574
0.046576
0.046581
0.046588
0.046591
0.046614
0.046621
0.046629
0.046631
0.046671
0.046673
0.04669
0.046694
0.046701
0.046703
0.046708
0.046713
0.046719
0.046729
0.046729
0.046734
0.046738
0.04674
0.046742
0.046757
0.046761
0.046763
0.046764
0.046772
0.046774
0.046774
0.04678
0.04679
0.046799
0.046812
0.046827
0.046832
0.046835
0.046836
0.046852
0.046855
0.046861
0.046869
0.046873
0.046876
0.046881
0.046898
0.0469
0.04691
0.046911
0.046912
0.046912
0.046913
0.046937
0.04694
0.046946
0.046952
0.046953
0.046955
0.046955
0.046956
0.046958
0.046968
0.046988
0.046988
0.046993
0.046999
0.047002
0.047012
0.047021
0.047027
0.047029
0.04704
0.047053
0.047066
0.047066
0.047067
0.047073
0.047079
0.047083
0.047088
0.047091
0.047093
0.038955
0.038956
0.038957
0.038961
0.038975
0.038977
0.038988
0.039
0.039002
0.039003
0.039009
0.039026
0.039028
0.039037
0.039043
0.039057
0.039059
0.039069
0.039072
0.039075
0.018097
0.024804
0.028572
0.00756
0.018849
0.025237
0.045736
0.046773
0.006339
0.013509
0.031
0.032361
0.035039
0.0109
0.0163
0.024813
0.028082
0.038627
0.0419
0.004618
0.00554
0.009497
0.01
0.01756
0.0241
0.0344
0.024116
0.040854
0.001425
0.024439
0.039116
0.0095
0.011281
0.019008
0.024817
0.024926
0.031612
0.02735
0.003238
0.004459
0.012131
0.012399
0.048127
0.028445
0.028506
0.028638
0.02871
0.028927
0.029178
0.029226
0.02927
0.029295
0.02938
0.029404
0.029472
0.029657
0.029778
0.029786
0.029847
0.02985
0.029886
0.029934
0.030139
0.030165
0.030212
0.030318
0.030358
0.030367
0.030376
0.030493
0.030584
0.030812
0.030926
0.030929
0.030969
0.030993
0.031574
0.031755
0.031797
0.032287
0.032551
0.032762
0.032873
0.033019
0.033076
0.033191
0.033215
0.033574
0.03358
0.033607
0.033631
0.033838
0.033903
0.033962
0.033985
0.034058
0.034228
0.034517
0.034538
0.034541
0.034635
0.034725
0.035054
0.035106
0.035292
0.035435
0.035524
0.035847
0.035981
0.035992
0.036
0.036068
0.036128
0.036547
0.036632
0.036659
0.036691
0.036868
0.036889
0.036931
0.037048
0.037419
0.037622
0.037648
0.03773
0.037915
0.038032
0.038105
0.038138
0.038278
0.038282
0.03836
0.038608
0.03911
0.039147
0.0393
0.0393
0.03944
0.039458
0.039467
0.039711
0.039776
0.039894
0.039953
0.040463
0.040508
0.040559
0.040649
0.040704
0.040834
0.041248
0.041314
0.041367
0.041375
0.041504
0.04165
0.041739
0.041799
0.041826
0.041872
0.04243
0.042625
0.042708
0.04285
0.04312
0.043229
0.043297
0.043381
0.043436
0.043604
0.044448
0.044514
0.044896
0.045081
0.045329
0.045587
0.045911
0.046253
0.046377
0.046391
0.046458
0.046674
0.046696
0.04676
0.046833
0.046871
0.04714
0.047513
0.047552
0.047872
0.047912
0.047986
0.048422
0.04879
0.048886
0.049274
0.049358
0.049366
0.049636
0.049814
0.026911
0.026926
0.02693
0.026933
0.026938
0.026946
0.026949
0.026963
0.026966
0.026974
0.026984
0.027009
0.027013
0.027028
0.027037
0.027048
0.027053
0.027055
0.027059
0.027064
0.027113
0.027119
0.02713
0.027137
0.027137
0.027145
0.027152
0.027153
0.027157
0.02716
0.027166
0.027182
0.0272
0.027218
0.027221
0.027224
0.027237
0.027253
0.027261
0.02727
0.027274
0.027276
0.027292
0.0273
0.027352
0.027362
0.027362
0.027364
0.027372
0.027374
0.027374
0.027378
0.027385
0.027415
0.027451
0.027453
0.027473
0.027476
0.027482
0.027485
0.027495
0.027505
0.027549
0.027552
0.02757
0.027572
0.027581
0.027582
0.027583
0.027586
0.027592
0.027599
0.005866
0.009953
0.01113
0.011423
0.015745
0.015983
0.016056
0.016409
0.017069
0.024223
0.025532
0.03269
0.035518
0.039344
0.042227
0.042601
0.013715
0.046764
0.001931
0.002338
0.00302
0.003292
0.003378
0.003477
0.003702
0.003788
0.003903
0.004273
0.00429
0.004438
0.004654
0.004873
0.005062
0.005074
0.005125
0.00543
0.005457
0.005462
0.005532
0.005578
0.00564
0.005649
0.005661
0.005709
0.005997
0.006026
0.006081
0.006161
0.00636
0.006521
0.006548
0.006766
0.006869
0.006976
0.007514
0.007634
0.007659
0.007759
0.008072
0.00812
0.008242
0.008377
0.008624
0.008702
0.009156
0.009215
0.009658
0.010034
0.010041
0.010094
0.010257
0.010415
0.010487
0.010942
0.011243
0.011928
0.012103
0.012205
0.012546
0.012842
0.012904
0.013707
0.014098
0.014573
0.01484
0.015064
0.015597
0.01611
0.017108
0.017535
0.017996
0.018732
0.018977
0.019153
0.01929
0.019414
0.0199
0.019934
0.021
0.02133
0.021898
0.022652
0.022881
0.024629
0.025117
0.025535
0.027353
0.028539
0.031835
0.033566
0.038498
0.038712
0.041845
0.041878
0.043749
0.043752
0.045749
0.046977
0.047221
0.048196
0.005592
0.006297
0.006667
0.007336
0.010604
0.012543
0.013808
0.01407
0.02038
0.021634
0.024297
0.025121
0.043696
0.04372
0.043725
0.043727
0.043729
0.043738
0.043761
0.043766
0.04377
0.043782
0.04379
0.043797
0.043799
0.0438
0.043803
0.043808
0.04381
0.043812
0.043818
0.043834
0.043842
0.043856
0.04386
0.043861
0.043866
0.043881
0.04389
0.043908
0.043908
0.043917
0.043925
0.043933
0.043943
0.043952
0.043956
0.043957
0.043957
0.043968
0.043977
0.043991
0.043993
0.043995
0.043997
0.044007
0.044017
0.044026
0.044035
0.04404
0.044046
0.044051
0.044056
0.044057
0.044064
0.044068
0.044069
0.04407
0.044073
0.044076
0.044076
0.044077
0.044078
0.044087
0.044092
0.044118
0.044142
0.044145
0.044159
0.044177
0.04418
0.044194
0.044197
0.044198
0.044206
0.044209
0.044211
0.044214
0.044217
0.04423
0.044234
0.044236
0.044275
0.044286
0.044288
0.044291
0.044319
0.04432
0.044328
0.044329
0.044331
0.044381
0.044384
0.044385
0.044396
0.044399
0.044406
0.044418
0.044421
0.044428
0.044429
0.04444
0.044444
0.044445
0.04445
0.044455
0.044463
0.044466
0.044467
0.044482
0.044503
0.044505
0.044509
0.04451
0.044511
0.044512
0.04452
0.044526
0.044526
0.044529
0.044541
0.044546
0.044546
0.044554
0.044557
0.044569
0.04457
0.044575
0.044579
0.044586
0.0446
0.044609
0.044612
0.04463
0.044634
0.044657
0.044665
0.044674
0.04468
0.044691
0.044693
0.044703
0.044707
0.044718
0.044723
0.044744
0.04476
0.044764
0.044765
0.044773
0.044774
0.044794
0.044799
0.0448
0.044809
0.044813
0.044813
0.044817
0.044838
0.044838
0.044842
0.044844
0.044848
0.04485
0.044873
0.044874
0.044896
0.0449
0.044902
0.044903
0.044917
0.04492
0.044927
0.044928
0.04494
0.044944
0.044956
0.044961
0.044971
0.044973
0.04498
0.044983
0.044989
0.044999
0.045
0.045006
0.045006
0.045007
0.045008
0.045021
0.045027
0.045031
0.045057
0.045059
0.045061
0.045064
0.039167
0.039171
0.039178
0.039181
0.039182
0.039195
0.039207
0.039213
0.03924
0.039252
0.039274
0.039276
0.039278
0.039282
0.039287
0.039289
0.039291
0.039304
0.039304
0.039306
0.03931
0.039315
0.039318
0.039322
0.039326
0.039344
0.039359
0.039367
0.039369
0.039379
0.039389
0.0394
0.039405
0.039405
0.039407
0.03941
0.039417
0.039423
0.039425
0.039434
0.039436
0.039442
0.039449
0.03946
0.039462
0.039465
0.039467
0.03947
0.039484
0.039485
0.039485
0.039498
0.039503
0.03951
0.039512
0.039514
0.039514
0.039515
0.039517
0.039535
0.043946
0.044078
0.044083
0.044334
0.044604
0.044726
0.044742
0.044786
0.044801
0.044821
0.044824
0.04485
0.045104
0.045222
0.045226
0.045311
0.045324
0.045403
0.045492
0.045507
0.045526
0.04564
0.045655
0.045957
0.046124
0.046286
0.046883
0.046927
0.046979
0.047024
0.047193
0.047359
0.047434
0.047549
0.04758
0.047666
0.047761
0.047865
0.047867
0.047919
0.04794
0.048003
0.048136
0.048205
0.048232
0.048241
0.048347
0.048349
0.048441
0.048581
0.048638
0.048806
0.048819
0.04883
0.048846
0.048925
0.049039
0.049087
0.049093
0.049195
0.049202
0.049543
0.049558
0.006722
0.012137
0.016157
0.017546
0.019171
0.020559
0.021143
0.022856
0.033239
0.002615
0.004431
0.008822
0.012371
0.015517
0.016561
0.01818
0.018267
0.01897
0.020003
0.027015
0.027475
0.028697
0.028711
0.029352
0.031663
0.035894
0.041258
0.005161
0.005568
0.012416
0.014734
0.025463
0.012369
0.012571
0.015113
0.028956
0.025206
0.001873
0.002948
0.003018
0.00477
0.006122
0.007584
0.007816
0.008191
0.008272
0.016051
0.018387
0.020042
0.020055
0.022282
0.02715
0.027794
0.037527
0.047855
0.001899
0.021907
0.005951
0.012395
0.004063
0.002981
0.003313
0.004298
0.005041
0.005158
0.00516
0.005373
0.005384
0.005843
0.00591
0.005991
0.00621
0.006347
0.006545
0.007056
0.007152
0.008571
0.008706
0.008805
0.009407
0.009677
0.009938
0.01005
0.010466
0.010549
0.010769
0.011836
0.011957
0.012028
0.012302
0.01251
0.012669
0.012772
0.012932
0.013442
0.01376
0.013861
0.013891
0.013923
0.014114
0.014369
0.014616
0.015248
0.015718
0.015907
0.01636
0.016738
0.017172
0.017453
0.017993
0.018134
0.018325
0.019255
0.020867
0.021076
0.021539
0.022595
0.022607
0.023085
0.02355
0.023787
0.024806
0.025259
0.026154
0.027434
0.027435
0.028855
0.028926
0.028948
0.029006
0.029032
0.029498
0.029553
0.029608
0.030646
0.031026
0.032544
0.034224
0.034739
0.035542
0.036445
0.006125
0.009121
0.015617
0.017081
0.017676
0.019487
0.029113
0.030822
0.031882
0.043117
0.044221
0.04982
0.003342
0.005043
0.008634
0.030042
0.044239
0.044684
0.043472
0.033169
0.033171
0.033172
0.033181
0.033185
0.033194
0.033199
0.033204
0.033219
0.033238
0.033266
0.033271
0.033293
0.033308
0.03331
0.033311
0.033335
0.033341
0.033374
0.033383
0.033384
0.033431
0.033441
0.033441
0.033446
0.033457
0.033491
0.033517
0.033521
0.033522
0.033525
0.033537
0.033537
0.033583
0.033592
0.033604
0.033626
0.033636
0.03367
0.033681
0.033684
0.033687
0.03369
0.033694
0.03373
0.033775
0.033781
0.033781
0.033788
0.03381
0.03381
0.033821
0.033833
0.033838
0.033843
0.033847
0.033863
0.033864
0.033869
0.033886
0.033907
0.033921
0.034001
0.034008
0.034009
0.034012
0.034047
0.034064
0.034086
0.034126
0.034133
0.034161
0.034276
0.034281
0.034306
0.03432
0.034329
0.034355
0.03439
0.034424
0.034455
0.034461
0.034478
0.034483
0.013524
0.001507
0.002628
0.003024
0.003153
0.003284
0.004843
0.004991
0.005057
0.005355
0.005478
0.005529
0.006102
0.00629
0.006377
0.006448
0.007626
0.008785
0.013207
0.013298
0.013332
0.01345
0.013466
0.013789
0.01586
0.016283
0.016454
0.016929
0.01706
0.017743
0.017839
0.017934
0.017988
0.018436
0.018437
0.01889
0.019035
0.019052
0.019553
0.019575
0.019576
0.019972
0.020244
0.020374
0.020643
0.020654
0.020925
0.021056
0.021265
0.021368
0.022105
0.02254
0.023538
0.024343
0.024793
0.025633
0.025742
0.025927
0.025951
0.03048
0.034303
0.03714
0.0398
0.005436
0.00997
0.015499
0.019788
0.021256
0.029482
0.033791
0.048189
0.016719
0.023333
0.003507
0.041912
0.041917
0.041924
0.041932
0.041933
0.041933
0.041938
0.041962
0.041969
0.041976
0.041987
0.041992
0.041999
0.042008
0.04201
0.042019
0.042025
0.042039
0.042041
0.042045
0.042054
0.042063
0.042068
0.042069
0.04208
0.042087
0.042088
0.042099
0.042107
0.042112
0.042113
0.042115
0.042118
0.04212
0.042125
0.042131
0.042137
0.042143
0.042145
0.042153
0.042153
0.042172
0.042176
0.04218
0.042212
0.042214
0.04224
0.042243
0.042249
0.042249
0.042253
0.042254
0.042272
0.042278
0.042283
0.042286
0.042289
0.04229
0.042295
0.042299
0.042301
0.042311
0.042314
0.04232
0.042335
0.04234
0.042354
0.042358
0.042359
0.042385
0.042389
0.042395
0.042397
0.042408
0.04241
0.042412
0.042432
0.042438
0.042439
0.042439
0.042441
0.042443
0.042444
0.042448
0.042449
0.042457
0.042457
0.042458
0.04246
0.042465
0.042468
0.042477
0.042477
0.042483
0.042491
0.042495
0.042496
0.042497
0.042502
0.042505
0.042506
0.042508
0.042515
0.042518
0.042523
0.042548
0.04255
0.04255
0.042566
0.042572
0.042577
0.042581
0.042585
0.042586
0.042587
0.042592
0.042598
0.042599
0.042601
0.042607
0.036481
0.036574
0.037345
0.037459
0.037536
0.038451
0.038922
0.039944
0.040568
0.040982
0.041218
0.041297
0.042053
0.042502
0.043096
0.043154
0.043619
0.044417
0.044574
0.044881
0.045454
0.047205
0.047837
0.048076
0.04899
0.049047
0.049784
0.049788
0.047446
0.047456
0.047461
0.047461
0.047469
0.04747
0.047474
0.04748
0.047483
0.047492
0.047492
0.047493
0.047497
0.04751
0.047514
0.047519
0.04754
0.047544
0.047548
0.047558
0.047561
0.047564
0.047567
0.047567
0.047573
0.047576
0.047577
0.047586
0.04759
0.047594
0.047597
0.047598
0.047601
0.047604
0.047607
0.047621
0.047622
0.047623
0.047624
0.04763
0.047631
0.047637
0.047638
0.047645
0.047646
0.047654
0.047661
0.047665
0.047675
0.047679
0.047687
0.047691
0.047695
0.0477
0.047705
0.047712
0.047722
0.047727
0.04773
0.047731
0.047734
0.047735
0.047738
0.047741
0.047746
0.04775
0.047753
0.047754
0.047755
0.047756
0.047756
0.047775
0.047787
0.005137
0.01237
0.013704
0.016696
0.0182
0.01884
0.019813
0.021785
0.021898
0.023401
0.023701
0.024716
0.024933
0.025421
0.025915
0.025942
0.026433
0.027455
0.027593
0.027797
0.028331
0.029476
0.030428
0.030546
0.0323
0.033321
0.033899
0.034203
0.034543
0.035407
0.035525
0.036882
0.03715
0.03739
0.038213
0.039956
0.040282
0.040666
0.040912
0.041682
0.042746
0.042807
0.042896
0.042909
0.043286
0.043577
0.043711
0.043758
0.043901
0.044034
0.04457
0.044627
0.044741
0.04485
0.045134
0.045487
0.045539
0.046134
0.046257
0.046345
0.046643
0.046696
0.047034
0.047121
0.047448
0.047457
0.047485
0.047569
0.047698
0.048044
0.048579
0.048645
0.048653
0.048716
0.048765
0.04877
0.048871
0.048942
0.049032
0.04907
0.049161
0.049429
0.049482
0.049509
0.049717
0.04979
0.049875
0.049911
0.04999
0.005608
0.025563
0.026196
0.029987
0.035609
0.040265
0.040831
0.042457
0.042768
0.045652
0.046585
0.046607
0.047281
0.04929
0.049672
0.003199
0.003726
0.003922
0.005927
0.006139
0.008236
0.012259
0.012428
0.014218
0.024389
0.003962
0.019305
0.0254
0.004536
0.004982
0.005138
0.006225
0.006733
0.00815
0.009136
0.009941
0.017146
0.018303
0.00678
0.004193
0.003965
0.004705
0.005031
0.005261
0.0061
0.006251
0.007511
0.008995
0.011149
0.014652
0.017781
0.022992
0.025062
0.041577
0.002615
0.003724
0.004033
0.013467
0.013639
0.015048
0.016073
0.016363
0.017218
0.017866
0.018084
0.018246
0.018334
0.018735
0.019663
0.021603
0.022037
0.023596
0.026063
0.026166
0.028515
0.030181
0.035257
0.035816
0.037302
0.037632
0.038607
0.039249
0.039549
0.039958
0.042053
0.043105
0.04313
0.043281
0.043357
0.043371
0.043466
0.044294
0.04501
0.04504
0.047091
0.048338
0.04854
0.04976
0.049961
0.028314
0.003452
0.003904
0.005304
0.008035
0.017443
0.021759
0.023868
0.024575
0.032005
0.032258
0.033261
0.035865
0.037988
0.039475
0.04203
0.042561
0.043566
0.043707
0.044315
0.04626
0.046344
0.046439
0.047413
0.047545
0.047572
0.047618
0.04763
0.047647
0.047725
0.047727
0.047911
0.047938
0.047971
0.048034
0.048131
0.048142
0.048145
0.04823
0.048432
0.048519
0.049372
0.049561
0.049822
0.049844
0.049889
0.049891
0.049974
0.049984
0.049986
0.04999
0.002902
0.003194
0.00325
0.003404
0.003449
0.003518
0.003611
0.003867
0.004087
0.004618
0.004876
0.005036
0.00513
0.005299
0.005372
0.005387
0.005479
0.005575
0.005857
0.005912
0.006017
0.006178
0.006278
0.006284
0.006297
0.006306
0.006331
0.00634
0.006372
0.006465
0.006516
0.006531
0.006589
0.006787
0.007876
0.008802
0.009384
0.009693
0.009885
0.010508
0.010848
0.011274
0.012106
0.01302
0.013261
0.013376
0.013588
0.013787
0.014526
0.014993
0.015405
0.015717
0.016255
0.016711
0.017357
0.018542
0.018552
0.019167
0.021731
0.022052
0.025341
0.026203
0.026472
0.027315
0.02739
0.031475
0.033662
0.033803
0.035121
0.035402
0.036487
0.040538
0.046565
0.04686
0.047935
0.049546
0.002841
0.006031
0.011642
0.01211
0.012418
0.021545
0.023598
0.046733
0.048765
0.004389
0.006319
0.00669
0.010291
0.012362
0.013423
0.018512
0.019467
0.021204
0.021657
0.022892
0.022949
0.023765
0.024823
0.026841
0.027253
0.033094
0.040482
0.044918
0.04643
0.047437
0.049505
0.003472
0.012974
0.013126
0.001904
0.002523
0.002694
0.002869
0.002874
0.004996
0.005189
0.005394
0.006052
0.006549
0.006732
0.007557
0.008236
0.009321
0.01019
0.010887
0.011322
0.011656
0.012392
0.012487
0.012657
0.012681
0.012885
0.013736
0.013804
0.014226
0.014631
0.015408
0.01552
0.017057
0.017357
0.017496
0.017734
0.018212
0.018747
0.019116
0.019536
0.020362
0.020376
0.020427
0.020564
0.020708
0.021005
0.021154
0.02158
0.02203
0.022085
0.022162
0.022966
0.022983
0.023083
0.023319
0.02364
0.02415
0.026087
0.026309
0.027975
0.028632
0.028761
0.028974
0.028989
0.029729
0.029804
0.031064
0.031308
0.031369
0.033675
0.033762
0.035858
0.035862
0.035951
0.036269
0.036706
0.036886
0.037386
0.037603
0.038212
0.03878
0.039616
0.041343
0.041773
0.041818
0.042839
0.043496
0.044761
0.04514
0.047249
0.047719








